45.0,46.05,44.0,1514.0,13.0,66.75,44.0
42.45,45.9,42.25,300.0,6.0,12.86,45.9
43.65,46.65,43.65,382.0,7.0,16.82,46.65
44.35,44.35,44.35,50.0,1.0,2.22,44.35
43.4,46.2,43.35,90.0,4.0,4.04,46.2
44.0,46.2,44.0,80.0,4.0,3.63,46.2
44.05,46.6,44.0,117.0,12.0,5.28,46.5
44.25,46.0,44.2,1561.0,22.0,69.26,45.8
43.6,46.15,43.55,2666.0,20.0,116.62,44.5
46.65,46.65,46.65,50.0,2.0,2.33,46.65
46.65,46.95,44.35,90.0,4.0,4.16,46.95
44.65,46.9,44.65,368.0,12.0,16.61,46.85
44.8,46.8,44.55,841.0,19.0,37.66,46.8
44.65,46.9,44.65,56.0,3.0,2.61,46.9
46.0,46.8,46.0,100.0,2.0,4.64,46.8
44.6,46.85,44.55,238.0,11.0,10.74,46.85
44.9,46.75,44.7,357.0,7.0,15.99,46.75
43.25,47.0,43.2,79.0,6.0,3.51,46.85
42.85,46.8,42.85,2157.0,31.0,94.47,43.7
44.0,46.0,42.5,1073.0,24.0,46.17,42.55
44.0,44.95,41.5,1109.0,92.0,46.54,41.5
44.7,44.95,41.65,352.0,18.0,15.04,42.9
44.9,44.95,41.35,200.0,10.0,8.46,42.9
44.85,44.9,41.0,306.0,9.0,12.88,42.8
45.0,45.0,41.15,2080.0,50.0,87.56,43.25
44.75,44.8,41.65,267.0,65.0,11.29,42.05
44.0,44.0,42.0,181.0,78.0,7.71,42.0
44.0,44.0,41.5,58.0,3.0,2.42,41.5
44.0,44.0,41.0,1151.0,63.0,48.32,41.35
44.0,44.0,42.0,415.0,7.0,17.45,43.7
43.95,43.95,41.55,574.0,6.0,24.19,42.1
45.0,45.0,41.4,671.0,13.0,28.07,42.5
45.0,45.0,42.1,260.0,15.0,11.33,43.8
43.8,46.0,41.15,440.0,11.0,18.87,42.0
46.0,46.0,42.0,54.0,4.0,2.35,44.9
46.0,46.0,42.1,455.0,12.0,19.69,44.0
46.0,46.0,42.0,165.0,7.0,7.09,45.3
45.35,45.35,42.4,10305.0,9.0,458.22,42.65
45.95,45.95,43.0,165.0,6.0,7.15,45.25
45.95,45.95,42.7,45.0,4.0,1.98,44.75
44.95,45.0,42.05,65.0,6.0,2.81,42.05
42.15,45.0,42.15,20754.0,16.0,931.81,44.9
45.5,46.3,45.0,52.0,4.0,2.39,46.3
45.95,45.95,43.05,5032.0,11.0,226.31,45.0
45.0,45.0,43.05,252.0,13.0,10.95,43.6
45.0,45.0,43.0,1100.0,11.0,47.49,44.0
45.0,45.0,43.0,1368.0,33.0,59.13,43.65
44.5,45.0,43.0,489.0,14.0,21.2,43.0
44.95,44.95,44.0,215.0,6.0,9.51,44.5
44.5,45.0,43.5,260.0,11.0,11.48,43.5
44.5,45.0,44.0,55.0,4.0,2.43,45.0
45.0,45.0,45.0,10.0,2.0,0.45,45.0
44.0,44.0,43.0,403.0,11.0,17.33,43.0
44.5,45.0,43.1,300.0,15.0,13.33,44.4
45.15,46.05,43.0,592.0,7.0,25.55,43.1
44.5,45.0,44.0,33.0,4.0,1.48,44.75
45.25,45.25,43.65,232.0,13.0,10.33,44.5
45.0,45.5,43.0,320.0,20.0,13.93,44.1
42.0,45.0,42.0,761.0,28.0,32.77,43.0
43.0,45.45,43.0,524.0,23.0,22.66,43.25
44.0,45.0,43.2,16226.0,29.0,714.38,44.85
47.1,47.1,43.25,1624.0,36.0,70.74,44.45
45.0,45.0,43.0,328.0,20.0,14.16,43.25
44.0,46.0,43.0,16598.0,18.0,740.6,43.1
46.0,46.0,44.5,10642.0,22.0,476.56,44.9
45.9,46.0,45.0,1709.0,16.0,77.35,45.0
43.05,48.0,43.05,137.0,13.0,6.14,43.55
44.1,45.5,44.1,554.0,8.0,24.52,44.25
43.0,46.0,43.0,16294.0,13.0,732.91,45.0
45.9,45.9,43.55,30.0,3.0,1.35,45.45
46.0,46.0,43.3,136.0,13.0,6.02,43.55
47.5,49.0,44.0,2429.0,62.0,111.82,44.8
47.0,47.0,43.0,4944.0,40.0,213.63,43.1
45.45,48.2,43.0,1866.0,31.0,82.52,44.95
45.5,47.9,43.0,2527.0,41.0,116.34,47.0
46.0,46.1,45.15,217.0,10.0,9.99,46.1
46.0,46.0,44.0,185.0,16.0,8.29,45.35
44.2,45.05,44.2,230.0,7.0,10.31,45.0
44.1,46.5,44.1,383.0,11.0,17.47,46.5
45.05,47.9,44.7,951.0,34.0,43.52,45.05
44.5,45.2,44.5,1638.0,11.0,73.78,45.0
44.5,45.95,44.05,273.0,10.0,12.13,44.35
47.95,53.2,46.65,3524.0,44.0,169.86,49.35
49.0,51.9,49.0,7136.0,51.0,353.11,49.3
45.65,49.8,45.65,2951.0,35.0,138.27,46.05
48.75,48.9,46.5,219.0,8.0,10.66,48.15
46.65,47.85,45.45,1732.0,71.0,80.19,45.75
45.6,47.45,45.6,162.0,8.0,7.58,47.4
48.85,48.85,44.1,28512.0,107.0,1297.61,44.6
48.95,49.0,44.0,50827.0,519.0,2367.95,45.35
42.45,46.55,42.45,645.0,22.0,28.34,45.4
45.0,45.95,44.0,2294.0,36.0,103.48,45.1
45.0,46.0,44.1,2711.0,35.0,121.95,45.0
44.5,44.55,44.15,262.0,12.0,11.64,44.5
44.15,44.75,44.1,162.0,8.0,7.18,44.75
44.25,44.5,43.0,898.0,22.0,39.41,44.1
43.7,45.0,43.0,1681.0,29.0,74.75,44.8
46.0,53.75,46.0,40015.0,386.0,2076.68,53.1
52.0,53.85,47.25,16009.0,188.0,793.94,47.65
46.1,50.4,46.0,590.0,20.0,27.43,46.45
45.2,47.7,44.15,1409.0,26.0,64.51,45.15
44.9,46.65,44.2,3122.0,27.0,141.73,44.6
44.0,44.0,44.0,2.0,2.0,0.09,44.0
43.65,44.5,43.65,754.0,12.0,33.2,44.05
44.1,47.6,44.1,2505.0,20.0,117.58,46.9
46.0,46.0,44.2,1124.0,35.0,50.61,44.25
44.25,46.9,44.25,1088.0,26.0,49.82,45.8
44.5,44.55,44.5,250.0,2.0,11.14,44.55
45.05,46.9,45.05,350.0,3.0,15.96,46.9
48.05,52.95,43.7,6177.0,86.0,303.83,49.45
50.0,57.1,46.0,35450.0,631.0,1832.52,47.7
46.6,49.0,44.65,3958.0,59.0,183.77,46.05
45.6,48.0,44.5,7679.0,119.0,351.93,45.55
45.5,48.0,44.25,1831.0,62.0,83.89,45.0
48.0,49.8,46.5,10830.0,242.0,524.68,47.4
48.95,49.5,47.65,5517.0,42.0,269.45,49.0
49.9,50.5,49.0,7730.0,61.0,381.98,49.0
48.0,49.5,47.75,735.0,34.0,35.56,48.6
48.0,49.35,46.25,310.0,24.0,14.75,48.15
47.0,48.95,46.5,697.0,16.0,33.56,48.45
47.0,50.0,45.5,2117.0,39.0,103.28,49.05
48.0,48.0,46.6,162.0,22.0,7.62,47.45
47.0,50.0,46.0,4644.0,49.0,224.49,48.6
48.0,49.45,46.5,956.0,34.0,46.06,46.65
49.6,49.6,45.8,521.0,13.0,24.46,48.1
48.4,49.4,47.1,5097.0,40.0,248.55,47.1
47.1,48.2,46.3,3190.0,58.0,151.05,48.05
47.0,48.05,46.25,18526.0,54.0,870.32,46.35
47.0,48.0,46.35,1826.0,19.0,85.7,46.5
47.95,48.0,47.0,1010.0,15.0,48.23,47.0
47.7,48.0,46.2,600.0,5.0,28.59,46.2
46.2,47.45,44.6,333.0,16.0,15.57,47.45
47.05,48.0,46.55,1549.0,18.0,73.35,47.0
45.3,47.0,45.3,520.0,11.0,24.2,46.25
45.05,46.5,45.05,570.0,8.0,26.14,46.5
47.0,47.5,46.95,452.0,25.0,21.32,47.0
46.5,46.5,45.85,720.0,26.0,33.35,46.5
48.5,48.5,45.7,1348.0,8.0,62.77,47.0
49.0,49.0,45.95,631.0,12.0,30.14,48.3
48.95,49.0,46.0,1624.0,24.0,78.2,46.55
46.55,47.95,46.35,2373.0,38.0,110.69,46.5
46.5,49.0,46.0,3576.0,26.0,168.08,46.95
45.45,48.9,45.4,15860.0,55.0,767.8,48.65
48.15,57.4,48.0,1235047.0,2032.0,62050.12,52.95
54.15,63.0,52.3,470978.0,3914.0,27843.56,60.95
64.0,73.1,62.2,859569.0,7276.0,60786.42,70.9
70.05,76.25,63.85,737835.0,5311.0,50689.56,67.4
65.7,65.7,60.7,56831.0,282.0,3478.85,60.7
54.8,59.0,54.65,327615.0,1577.0,18143.94,54.65
51.95,56.4,51.95,108991.0,517.0,5745.42,54.5
54.0,55.6,51.8,51476.0,239.0,2674.89,51.8
49.25,51.4,49.25,89629.0,295.0,4424.31,49.45
48.0,49.5,47.0,25209.0,150.0,1209.5,47.75
47.3,49.7,46.65,73815.0,308.0,3533.56,47.35
47.95,49.5,46.35,16912.0,202.0,809.59,49.0
50.95,51.0,47.5,65964.0,247.0,3266.48,48.4
47.45,49.45,46.0,38526.0,288.0,1822.22,46.75
47.5,47.5,44.45,106657.0,448.0,4885.74,46.45
47.95,48.75,46.0,43950.0,291.0,2097.16,48.7
48.95,50.95,47.7,18205.0,108.0,893.95,49.0
47.3,50.0,46.55,9750.0,62.0,459.34,46.55
45.25,46.95,44.25,40884.0,203.0,1821.69,44.25
43.45,45.4,43.3,3743.0,51.0,165.0,44.15
45.0,46.3,43.3,4440.0,51.0,203.68,46.0
46.8,46.8,44.5,6638.0,53.0,298.73,44.95
46.9,47.1,45.0,5839.0,72.0,269.61,45.4
46.0,46.95,45.0,9594.0,33.0,442.08,46.05
46.0,48.35,45.15,37297.0,199.0,1774.92,48.25
49.0,50.35,47.3,17014.0,170.0,836.72,49.85
52.2,52.3,49.95,40810.0,348.0,2105.37,51.5
52.75,54.05,51.1,280232.0,583.0,14692.82,53.4
56.0,56.05,54.9,104401.0,186.0,5823.66,56.05
55.1,58.85,55.1,3783.0,47.0,221.36,58.85
60.0,61.75,57.0,71792.0,332.0,4328.25,59.45
60.3,61.2,56.5,29797.0,246.0,1733.26,56.55
55.1,59.35,53.75,20491.0,213.0,1129.12,54.1
56.5,56.5,51.65,36169.0,135.0,1904.0,52.0
51.65,54.6,51.65,14761.0,116.0,794.91,53.6
54.0,54.45,52.0,4574.0,56.0,240.84,52.35
52.1,53.8,52.0,11800.0,65.0,615.82,52.8
52.15,54.45,52.05,4616.0,61.0,244.66,53.0
54.45,54.45,51.55,13388.0,110.0,699.38,52.75
53.0,54.0,51.6,26026.0,66.0,1357.28,52.0
53.45,53.45,49.4,41470.0,130.0,2092.25,49.4
51.0,51.0,47.6,8830.0,106.0,428.82,48.25
49.9,49.9,46.9,11671.0,77.0,553.18,47.3
46.95,49.25,46.7,2864.0,59.0,135.26,47.45
45.45,49.5,45.45,1322.0,26.0,62.95,47.35
48.85,49.7,46.55,24936.0,123.0,1201.51,47.05
46.85,48.75,44.7,30465.0,83.0,1375.33,44.8
44.0,46.75,42.7,24001.0,127.0,1052.86,43.05
42.6,45.2,42.6,8744.0,72.0,392.04,43.85
44.0,46.0,44.0,45203.0,108.0,2039.43,45.9
46.9,46.9,45.35,8157.0,54.0,378.34,46.05
47.85,50.65,47.0,83446.0,444.0,4141.82,48.35
52.9,53.0,49.35,60979.0,118.0,3078.95,50.5
51.0,53.9,50.6,32177.0,205.0,1685.93,51.4
52.0,53.4,51.2,8480.0,88.0,446.81,51.9
52.75,53.8,50.05,20118.0,125.0,1060.13,53.0
54.0,57.25,51.05,52703.0,450.0,2864.68,52.8
52.0,53.5,50.05,3099.0,52.0,161.11,51.0
50.05,50.1,46.5,21071.0,194.0,997.98,47.35
47.35,48.45,43.1,79137.0,407.0,3592.79,45.05
46.5,48.1,45.15,5041.0,106.0,235.57,47.3
48.6,49.0,46.4,13964.0,122.0,665.58,46.65
48.65,51.3,48.0,61551.0,311.0,3142.75,51.3
54.0,54.75,50.1,21507.0,246.0,1143.62,52.0
53.5,54.9,50.5,36718.0,150.0,1960.4,54.2
53.5,58.6,53.5,87126.0,371.0,4966.95,57.85
61.0,61.0,57.8,50882.0,359.0,3007.46,58.95
58.05,59.95,56.1,18621.0,167.0,1073.03,56.5
57.9,59.3,55.8,27557.0,315.0,1607.37,59.2
60.0,62.15,59.55,44178.0,354.0,2729.33,62.15
63.95,65.25,62.0,63598.0,496.0,4114.56,65.2
68.45,68.45,68.45,19277.0,67.0,1319.51,68.45
71.85,71.85,68.15,163351.0,807.0,11709.0,71.8
72.8,75.35,72.8,118886.0,821.0,8937.9,75.35
79.1,79.1,79.1,1590.0,21.0,125.77,79.1
83.05,83.05,83.05,1666.0,22.0,138.36,83.05
87.2,87.2,87.2,2876.0,23.0,250.79,87.2
91.55,91.55,91.55,8704.0,24.0,796.85,91.55
96.1,96.1,94.0,196612.0,1376.0,18886.8,96.1
100.9,100.9,100.9,7571.0,36.0,763.91,100.9
103.9,105.9,95.9,223772.0,2485.0,23035.05,103.5
98.35,103.0,98.35,90789.0,891.0,9075.97,98.75
97.7,103.65,97.0,56045.0,677.0,5735.67,100.05
104.95,105.05,101.0,82170.0,872.0,8565.5,102.5
104.95,107.6,100.0,45476.0,522.0,4772.28,106.25
108.7,111.55,107.1,54875.0,285.0,6113.35,111.55
117.0,117.1,117.0,40287.0,65.0,4717.59,117.1
122.95,122.95,122.95,11580.0,29.0,1423.76,122.95
129.05,129.05,129.05,22744.0,34.0,2935.11,129.05
135.5,135.5,135.5,9067.0,41.0,1228.58,135.5
142.25,142.25,129.0,172490.0,1136.0,24400.43,142.25
149.35,149.35,149.35,2367.0,44.0,353.51,149.35
156.8,156.8,149.35,195299.0,1520.0,30425.23,155.2
161.0,161.9,147.55,191117.0,2976.0,30513.04,158.05
158.0,165.95,157.8,139977.0,2099.0,23130.92,165.95
168.0,174.2,157.7,237819.0,3058.0,40623.32,173.4
170.0,182.05,170.0,34236.0,341.0,6079.56,176.55
182.75,182.75,167.75,11849.0,177.0,2011.34,167.75
160.0,160.05,159.4,2746.0,36.0,438.71,159.4
151.45,167.35,151.45,102915.0,597.0,16511.77,167.35
175.7,175.7,175.7,37848.0,75.0,6649.89,175.7
184.45,184.45,184.45,6306.0,60.0,1163.14,184.45
193.65,193.65,193.65,102843.0,404.0,19915.55,193.65
203.0,203.3,193.0,78214.0,364.0,15817.48,203.3
213.45,213.45,193.15,107044.0,792.0,22050.13,213.45
213.0,224.1,203.85,50901.0,623.0,11036.65,224.1
233.9,235.3,226.1,43486.0,398.0,10197.1,235.3
247.05,247.05,247.05,3780.0,55.0,933.85,247.05
259.4,259.4,259.4,3415.0,60.0,885.85,259.4
272.35,272.35,272.35,17899.0,84.0,4874.79,272.35
285.95,285.95,270.0,83874.0,522.0,23925.74,285.95
299.0,300.2,286.0,83754.0,716.0,25028.15,300.2
308.0,308.8,285.2,50499.0,721.0,14673.53,285.2
270.95,283.9,270.95,29948.0,403.0,8124.57,273.35
282.0,282.0,259.7,12333.0,162.0,3228.11,259.7
247.0,272.65,246.75,57566.0,573.0,15047.93,270.45
281.45,283.95,272.0,24613.0,303.0,6903.35,283.95
292.9,297.9,270.0,24466.0,358.0,7052.87,289.05
275.0,292.0,274.6,9236.0,139.0,2543.47,274.6
260.9,274.6,260.9,9355.0,145.0,2457.57,260.9
250.0,264.8,247.9,15374.0,223.0,3917.39,251.85
243.25,264.4,240.0,14412.0,281.0,3679.54,264.4
276.8,276.8,255.0,7917.0,154.0,2111.91,260.0
252.5,259.95,248.1,7614.0,224.0,1924.55,252.1
252.0,255.0,239.5,11605.0,206.0,2810.55,240.5
230.0,238.95,228.5,27335.0,187.0,6359.34,230.25
234.9,241.7,225.0,22909.0,159.0,5408.69,235.75
236.0,238.8,230.1,14659.0,58.0,3474.13,230.8
221.05,236.95,220.0,18445.0,151.0,4257.57,228.45
227.5,239.85,227.5,2745.0,15.0,657.46,239.85
250.0,251.8,249.0,26519.0,75.0,6673.71,251.65
259.65,264.2,245.0,15305.0,284.0,3894.09,261.9
269.7,269.7,250.05,8057.0,151.0,2065.76,255.35
259.0,268.1,252.0,18744.0,279.0,4938.19,268.1
281.5,281.5,281.5,3341.0,65.0,940.49,281.5
295.55,295.55,272.6,69801.0,1905.0,19864.34,275.2
275.0,288.95,273.25,28320.0,698.0,8008.49,288.95
303.35,303.35,280.0,35979.0,824.0,10556.35,285.4
292.6,299.5,271.15,30210.0,590.0,8303.46,271.15
257.75,267.0,257.6,29145.0,515.0,7548.74,258.75
260.0,266.0,248.55,22160.0,543.0,5661.36,254.65
266.95,267.35,245.0,22897.0,455.0,5923.79,255.15
263.8,267.9,253.05,23364.0,560.0,6119.71,266.25
267.0,279.55,264.0,56674.0,1334.0,15577.86,276.45
275.0,281.0,262.65,24080.0,591.0,6420.65,263.75
255.5,259.95,250.6,21453.0,341.0,5407.51,250.75
251.1,251.1,238.25,21031.0,255.0,5031.63,238.65
240.05,245.0,226.75,41308.0,480.0,9499.21,231.8
234.0,243.3,225.1,13804.0,362.0,3253.68,238.35
236.0,249.95,231.5,11288.0,222.0,2717.44,241.45
249.85,256.5,245.1,13099.0,281.0,3273.43,250.0
252.0,254.7,244.0,4630.0,140.0,1144.92,246.25
243.0,248.9,224.0,13223.0,277.0,3024.46,229.15
225.0,228.5,220.0,16041.0,191.0,3578.72,222.0
215.0,243.0,215.0,28614.0,543.0,6659.44,232.4
240.0,244.0,228.5,8727.0,195.0,2094.52,241.2
231.15,240.0,220.2,29558.0,340.0,6628.89,222.05
234.95,234.95,221.1,26428.0,195.0,5904.43,222.75
233.0,245.0,226.0,37327.0,408.0,8828.1,245.0
258.0,269.5,258.0,108225.0,1921.0,28981.33,269.5
273.0,288.3,262.5,39398.0,1120.0,10870.36,276.1
280.9,283.0,250.1,15326.0,421.0,4127.07,267.35
274.0,294.05,264.0,85181.0,1863.0,24495.08,279.05
270.05,278.9,266.1,9598.0,338.0,2604.78,269.45
274.0,284.0,266.15,19171.0,526.0,5294.85,268.5
277.8,295.35,269.0,64156.0,1582.0,18348.17,290.35
290.0,301.0,286.0,95471.0,1106.0,28042.47,295.4
298.7,298.7,265.9,189220.0,3302.0,53657.99,287.7
276.1,297.7,276.1,77484.0,1227.0,22532.78,290.75
286.05,319.8,286.0,187043.0,3372.0,58410.84,313.5
314.0,334.0,310.05,82986.0,2603.0,26915.43,326.75
334.0,334.0,302.25,30987.0,919.0,9870.68,308.35
306.6,306.7,281.1,40882.0,743.0,11949.88,291.05
296.75,298.8,281.15,25705.0,789.0,7494.47,295.45
297.0,310.85,290.0,25502.0,907.0,7751.71,301.65
291.1,310.0,291.1,21354.0,934.0,6472.9,299.55
293.25,299.95,288.65,22565.0,701.0,6623.95,291.45
292.35,306.0,292.35,16055.0,538.0,4784.46,294.25
297.65,300.0,287.15,15571.0,595.0,4585.1,289.3
291.55,294.0,286.4,9270.0,349.0,2682.02,288.2
281.25,309.7,280.0,44083.0,1470.0,13104.37,305.2
309.8,311.0,296.05,22784.0,1018.0,6907.89,306.2
305.65,336.8,305.6,119490.0,3362.0,39279.68,336.3
332.65,348.0,330.0,89550.0,2260.0,30423.27,336.4
338.75,359.7,331.0,63518.0,2447.0,22242.76,344.3
355.0,378.7,348.85,77453.0,2562.0,28488.56,376.5
384.7,385.0,351.1,48770.0,2269.0,17837.1,361.15
363.95,384.7,361.0,68737.0,2048.0,25749.85,369.8
365.0,378.8,365.0,19457.0,797.0,7248.83,371.55
368.05,375.9,360.2,33686.0,988.0,12294.41,362.8
357.0,365.0,327.0,25604.0,955.0,9069.72,355.9
354.0,371.95,354.0,24340.0,1221.0,8899.34,362.25
371.95,398.45,360.4,131889.0,3673.0,51532.78,393.8
398.0,415.9,381.15,89474.0,4094.0,36323.1,411.25
417.0,493.5,417.0,281660.0,11309.0,132190.55,492.35
489.5,590.8,484.0,511769.0,19389.0,289368.67,586.7
588.5,600.0,540.1,198205.0,9492.0,114242.64,564.55
546.5,570.0,508.1,167901.0,6188.0,88286.47,511.7
505.0,533.4,481.6,138861.0,7252.0,70817.99,509.6
527.35,527.4,492.45,32960.0,1546.0,16905.37,500.9
506.55,509.85,481.1,38852.0,1844.0,19245.74,501.75
491.05,545.0,491.05,72132.0,2556.0,38214.46,515.7
521.8,525.45,503.0,52328.0,1296.0,26879.3,507.45
503.15,520.9,495.0,47625.0,1429.0,24197.94,499.1
510.0,513.7,491.15,56470.0,1947.0,28467.68,496.65
497.0,524.0,492.0,67246.0,2600.0,34180.32,511.45
527.0,550.5,491.15,146541.0,4976.0,77699.61,498.3
500.0,524.0,500.0,42693.0,1049.0,21790.75,509.45
516.95,537.7,502.0,232658.0,3292.0,119288.3,508.75
510.5,518.9,492.0,43340.0,1167.0,21851.81,500.5
502.0,504.0,486.0,42986.0,1247.0,21322.15,491.7
496.95,502.0,442.55,63439.0,2010.0,29699.21,447.3
443.0,478.0,420.1,114705.0,4440.0,51002.57,469.2
470.0,498.0,469.95,49706.0,2063.0,24067.19,480.75
481.0,487.9,460.0,22303.0,1091.0,10509.21,463.75
466.0,476.0,452.6,29679.0,829.0,13719.97,461.1
461.0,465.0,436.6,43681.0,1562.0,19733.5,451.85
451.85,468.8,441.5,58103.0,1484.0,26413.14,448.3
450.0,456.5,427.25,24186.0,1177.0,10618.54,436.5
449.8,465.95,440.0,47662.0,2042.0,21478.32,448.55
450.0,458.0,440.0,24246.0,1011.0,10846.25,441.95
445.0,454.75,440.0,96498.0,924.0,42649.19,441.3
437.5,475.8,437.0,61034.0,1905.0,27687.88,451.8
456.0,472.15,441.2,28352.0,1416.0,12983.88,445.3
450.0,525.0,442.5,178789.0,7030.0,89478.45,510.0
518.85,529.0,490.0,48569.0,2147.0,24530.4,499.1
510.0,520.5,495.15,37407.0,1324.0,19030.66,503.3
501.0,513.0,492.05,19380.0,772.0,9690.6,494.8
495.0,501.15,455.0,45626.0,1671.0,21897.84,465.45
425.25,475.85,425.25,69422.0,2391.0,31486.13,469.85
453.6,453.6,376.15,81544.0,2512.0,33451.73,397.35
390.0,409.9,355.0,59545.0,2058.0,23182.69,401.2
401.0,423.9,383.0,24815.0,986.0,10137.7,395.05
400.55,444.0,400.55,48356.0,1852.0,20812.04,435.3
448.9,470.6,442.05,44364.0,1300.0,20381.25,454.65
441.0,458.5,429.0,12635.0,513.0,5586.14,435.05
435.0,448.7,414.1,17512.0,941.0,7498.28,419.3
423.8,448.9,423.8,22554.0,1230.0,9890.38,440.3
450.0,468.5,449.0,14577.0,721.0,6673.27,456.0
450.0,457.0,425.35,10224.0,574.0,4437.12,434.8
448.0,449.95,415.2,55322.0,623.0,23495.37,420.15
420.0,428.0,401.1,18968.0,1305.0,7876.54,418.15
428.0,440.9,421.0,23475.0,606.0,10255.78,432.25
420.0,440.0,412.0,14335.0,501.0,6179.21,433.7
440.0,440.0,421.65,10186.0,372.0,4432.54,429.4
430.0,442.8,420.2,14546.0,327.0,6383.72,437.5
430.5,437.0,422.0,18352.0,418.0,7979.98,433.3
434.0,440.0,423.5,20089.0,301.0,8716.96,427.35
443.9,443.9,400.1,11060.0,382.0,4777.18,425.1
421.0,441.8,421.0,13888.0,249.0,6049.6,438.25
434.0,440.0,426.05,12058.0,355.0,5228.47,427.95
430.0,438.0,420.6,5934.0,210.0,2553.63,431.5
443.0,443.0,428.25,5246.0,217.0,2272.31,433.75
440.0,440.0,431.2,38118.0,351.0,16558.52,433.45
431.0,440.0,424.0,14417.0,470.0,6282.9,432.3
437.0,440.9,430.1,114166.0,420.0,49736.44,435.5
438.4,440.0,430.5,84039.0,453.0,36651.41,438.95
440.0,459.4,430.25,93073.0,1700.0,41179.37,438.3
455.0,455.95,428.0,63542.0,1706.0,27881.3,432.85
437.7,440.8,430.0,56053.0,702.0,24341.8,430.45
435.95,436.0,402.15,24206.0,1044.0,10139.68,421.85
416.1,430.25,415.0,20602.0,660.0,8678.71,416.7
410.0,425.0,391.0,27081.0,1036.0,10864.12,394.85
391.0,425.9,390.0,37108.0,1313.0,15186.93,419.25
424.0,445.0,418.0,81380.0,1910.0,35432.85,432.9
435.0,445.0,422.15,23341.0,725.0,10165.48,425.05
428.0,436.0,420.1,26527.0,607.0,11344.55,431.95
438.95,438.95,420.0,10254.0,376.0,4367.12,424.15
424.15,487.0,424.15,226339.0,6925.0,106445.85,457.25
453.0,466.7,444.0,24691.0,1061.0,11206.38,447.35
450.0,512.0,444.0,160170.0,5667.0,78457.48,485.7
490.05,512.7,472.0,95373.0,3500.0,46730.68,489.05
482.05,535.6,476.0,210035.0,6712.0,108674.15,527.85
525.0,545.0,515.5,102085.0,4264.0,54341.43,531.55
535.0,548.3,530.1,59824.0,1772.0,32280.72,538.05
543.4,573.9,526.0,91733.0,2895.0,50252.24,533.95
534.0,538.6,500.0,54879.0,2361.0,28274.32,525.8
528.95,539.0,516.6,31284.0,1312.0,16591.02,528.45
531.9,541.85,516.0,51931.0,2020.0,27626.1,528.3
561.0,575.0,533.0,153808.0,5996.0,85356.89,541.85
540.0,542.0,510.7,48866.0,1789.0,25555.51,525.8
490.05,522.5,490.0,46198.0,1593.0,23544.06,512.0
508.0,513.9,494.0,43373.0,1537.0,21935.74,497.0
493.1,508.0,493.1,11400.0,411.0,5716.12,500.65
500.05,513.9,482.0,46685.0,1664.0,23377.47,502.6
504.6,524.6,487.25,66086.0,2526.0,33728.49,504.7
505.15,509.0,475.75,55295.0,1860.0,26952.37,479.3
480.0,481.95,464.0,31851.0,1002.0,15116.42,467.25
468.0,484.9,468.0,16487.0,745.0,7826.9,472.55
470.95,482.0,456.4,43131.0,1456.0,20203.13,460.95
478.0,478.0,426.5,39420.0,1269.0,17663.9,445.55
441.0,475.0,441.0,46209.0,1495.0,21526.55,466.45
467.0,485.1,458.25,25789.0,955.0,12209.44,461.1
461.45,477.5,460.2,39310.0,919.0,18501.4,462.05
464.0,489.0,464.0,38729.0,1289.0,18594.13,474.1
477.0,482.5,462.0,29762.0,874.0,14041.66,471.1
471.1,486.0,463.0,49343.0,1926.0,23561.92,475.65
470.7,474.1,444.0,49181.0,1479.0,22405.5,448.5
445.0,448.0,417.1,37053.0,1556.0,16117.25,433.7
441.0,445.65,411.0,40388.0,1632.0,17015.76,416.1
425.25,433.0,413.5,22516.0,1155.0,9478.7,417.5
419.0,422.0,390.0,32108.0,1404.0,12871.31,396.15
391.4,408.0,391.4,17705.0,839.0,7036.57,395.95
402.0,424.75,382.4,69872.0,2400.0,28550.66,398.95
411.5,411.5,396.5,10876.0,576.0,4380.52,402.7
399.0,424.4,397.0,32363.0,1234.0,13296.24,417.85
427.0,432.0,398.1,38307.0,1063.0,15909.74,408.6
408.0,413.2,394.25,59192.0,1556.0,23900.46,409.3
409.8,422.9,405.0,27015.0,1197.0,11138.59,407.85
420.0,420.0,405.0,21744.0,597.0,8926.74,408.3
410.1,465.0,404.0,263497.0,5046.0,116042.49,439.2
438.1,460.0,438.1,82872.0,3108.0,37098.98,444.7
455.1,466.8,445.0,27299.0,1661.0,12356.92,448.45
450.4,464.0,443.0,59989.0,2212.0,27334.36,455.3
473.2,473.2,430.6,71831.0,1369.0,32163.52,434.85
434.0,442.0,418.0,97131.0,927.0,42345.15,423.45
428.5,429.0,417.0,19210.0,547.0,8113.13,420.6
425.0,486.6,415.5,92109.0,2896.0,40345.7,426.25
429.0,429.0,406.0,36107.0,1077.0,15143.81,412.55
417.0,435.0,410.35,34837.0,1202.0,14701.49,414.8
415.1,423.5,406.0,16481.0,709.0,6835.77,409.4
405.0,405.55,378.15,64684.0,1297.0,25128.27,382.45
386.0,404.9,385.2,20119.0,860.0,7945.46,396.95
376.0,399.95,376.0,22183.0,560.0,8738.44,396.0
396.0,398.0,381.6,10310.0,462.0,4013.21,384.1
386.15,392.05,313.6,74030.0,2156.0,26319.34,369.05
355.1,363.0,340.1,47074.0,663.0,16545.6,347.55
350.0,365.85,325.0,19520.0,894.0,6577.3,328.95
318.1,321.1,298.0,164118.0,1319.0,50606.34,301.25
293.0,319.0,275.0,85389.0,1665.0,25197.18,298.5
291.05,291.05,256.0,67380.0,1506.0,18145.09,261.6
264.0,303.9,250.0,119712.0,3306.0,32971.05,277.55
281.0,320.7,280.4,123427.0,4033.0,37888.27,313.35
319.5,347.7,308.0,66496.0,1578.0,21654.87,314.8
317.5,326.0,302.2,28765.0,682.0,9000.94,304.7
300.0,317.8,295.0,38309.0,799.0,11894.35,306.6
309.0,317.2,305.0,38315.0,827.0,11825.82,310.1
312.25,322.75,312.0,31932.0,587.0,10099.49,313.9
312.15,319.85,301.5,25373.0,709.0,7894.07,306.3
293.0,309.4,280.5,29488.0,974.0,8700.02,296.45
316.0,350.0,306.05,229758.0,6779.0,73980.0,308.9
311.0,311.0,290.0,34642.0,1265.0,10475.69,296.05
300.0,344.4,290.0,705944.0,18022.0,226875.01,323.95
318.7,324.75,306.25,122145.0,3871.0,38802.29,316.65
315.85,317.5,292.0,62786.0,1553.0,18952.06,296.55
290.0,294.0,275.0,12227.0,276.1,34.45,277.95
295.9,295.95,278.1,34140.0,284.0,97.12,284.65
281.1,294.0,281.1,15496.0,292.05,44.65,291.5
298.05,298.05,286.3,19152.0,286.3,55.57,288.7
304.8,304.8,283.0,8038.0,298.0,23.87,298.5
291.05,295.5,287.0,9601.0,291.6,28.0,290.85
302.25,309.95,287.95,18472.0,293.0,55.14,294.55
296.0,304.9,275.0,31604.0,304.9,89.78,295.15
313.9,317.0,285.0,26953.0,290.0,80.57,290.6
280.0,309.4,273.0,79609.0,304.0,239.43,306.6