1530.4,1532.9,1507.3,1049464.0,42195.0,1597224.41,1514.1
1515.0,1527.5,1514.5,711872.0,31334.0,1082290.4,1519.7
1527.1,1540.0,1518.1,1553993.0,57500.0,2380905.51,1532.5
1532.95,1535.75,1496.05,1325191.0,57036.0,2001126.06,1500.55
1502.3,1514.8,1455.1,4582335.0,202699.0,6776877.96,1475.1
1470.0,1484.9,1463.3,1660115.0,84315.0,2445951.41,1473.6
1476.95,1509.75,1471.05,1398172.0,63609.0,2093439.52,1500.95
1499.85,1514.95,1497.95,975385.0,45667.0,1469387.11,1508.05
1497.0,1501.1,1476.4,1036332.0,65525.0,1540250.92,1480.6
1485.0,1505.0,1485.0,943005.0,46866.0,1412874.01,1502.1
1500.8,1517.4,1489.2,1029595.0,47353.0,1550387.77,1510.5
1517.0,1521.0,1499.1,944549.0,44666.0,1425380.27,1506.0
1510.0,1534.8,1505.3,3176961.0,98584.0,4836077.75,1520.4
1529.15,1539.35,1517.95,1310941.0,52493.0,2006089.27,1533.25
1529.95,1558.55,1515.05,1617931.0,65669.0,2483681.9,1518.35
1517.95,1554.85,1514.95,1724946.0,62685.0,2647332.45,1550.35
1560.0,1582.0,1540.0,2500103.0,79884.0,3915783.04,1576.6
1583.5,1583.5,1562.0,2260431.0,68935.0,3563310.21,1577.4
1583.95,1664.45,1582.25,5152557.0,163599.0,8445161.04,1649.65
1643.95,1710.95,1639.95,4418064.0,152704.0,7453863.11,1692.15
1690.0,1722.1,1666.1,2562523.0,97164.0,4339605.94,1674.8
1659.3,1674.0,1637.5,1720671.0,63865.0,2843498.42,1645.1
1650.0,1696.0,1642.9,2930649.0,87859.0,4906246.21,1652.1
1635.95,1668.75,1633.95,1704372.0,66216.0,2807720.68,1654.15
1655.0,1709.0,1655.0,2919358.0,127182.0,4949536.09,1701.3
1709.95,1719.45,1696.55,1779849.0,72819.0,3041860.16,1708.85
1705.95,1705.95,1672.45,1405262.0,65876.0,2368744.96,1677.95
1697.95,1711.75,1688.95,1690293.0,71389.0,2877337.05,1702.15
1703.4,1708.0,1697.5,88411.0,4016.0,150508.7,1703.5
1711.0,1739.9,1711.0,1649477.0,65839.0,2854410.58,1725.6
1732.8,1747.7,1728.1,1678965.0,60337.0,2921043.73,1743.4
1754.2,1774.0,1741.6,2027938.0,89189.0,3567487.71,1767.5
1780.0,1853.8,1780.0,4858515.0,173775.0,8877268.67,1837.0
1856.45,1915.95,1856.45,3329874.0,114225.0,6301812.45,1901.95
1915.0,1938.8,1885.2,2592447.0,113911.0,4969220.08,1917.7
1927.95,1933.55,1867.45,2227216.0,106736.0,4228343.19,1893.65
1920.0,1940.0,1887.8,1920273.0,80445.0,3669038.47,1934.9
1934.0,1938.0,1883.6,2042547.0,91122.0,3879606.01,1896.2
1899.0,1912.3,1870.2,2080050.0,92647.0,3946161.92,1902.8
1909.7,1925.7,1898.4,2263030.0,109781.0,4333412.44,1922.4
1930.1,1992.0,1930.1,2663173.0,125107.0,5226752.37,1985.0
1994.95,2039.95,1990.15,2879654.0,105251.0,5828544.41,2028.05
2014.95,2029.65,1984.35,2089556.0,77039.0,4193664.13,1994.15
1994.95,2004.75,1947.65,1686352.0,77612.0,3328017.49,1964.05
1966.0,1994.7,1950.1,1937626.0,105144.0,3821274.09,1959.4
1967.2,2022.0,1962.8,2151380.0,96036.0,4300678.02,2017.3
2022.0,2078.8,2022.0,1887242.0,72975.0,3879135.99,2072.1
2073.95,2076.95,2040.15,1836410.0,77061.0,3777811.81,2048.55
2045.0,2078.0,2040.9,2326539.0,70772.0,4794424.35,2065.2
2059.95,2111.55,2042.85,2265573.0,102530.0,4721700.04,2085.25
2080.0,2119.0,2071.5,1688920.0,98754.0,3534642.59,2106.2
2119.8,2124.9,2060.0,1651432.0,75284.0,3451699.99,2065.8
2070.0,2107.8,2053.9,2211487.0,111363.0,4610960.61,2078.6
2095.0,2104.8,2040.1,1544647.0,69603.0,3196668.02,2048.2
2054.45,2069.85,2034.95,1317276.0,57506.0,2703193.04,2044.55
2059.8,2063.8,2040.7,984188.0,52450.0,2020447.74,2052.2
2051.7,2085.0,2044.0,1951952.0,106302.0,4036578.61,2075.8
2086.45,2103.95,2071.25,1936344.0,111956.0,4045111.04,2091.75
2079.95,2185.15,2079.95,2763540.0,140158.0,5900348.07,2173.25
2188.0,2264.8,2188.0,2643687.0,105898.0,5925792.77,2242.7
2280.0,2324.0,2260.4,3275664.0,131153.0,7509405.15,2276.1
2281.95,2315.85,2267.25,2887093.0,121360.0,6615145.5,2282.55
2289.95,2302.95,2272.35,2109398.0,94592.0,4823508.04,2279.25
2350.0,2507.0,2301.0,7965368.0,295077.0,19492251.3,2417.2
2449.0,2594.8,2449.0,3604470.0,182230.0,9110402.4,2568.1
2610.65,2614.95,2510.35,2341988.0,119260.0,5955706.92,2526.65
2528.0,2530.0,2452.0,2354230.0,115530.0,5855073.84,2459.3
2474.95,2537.95,2470.95,2011686.0,130477.0,5043429.06,2511.65
2520.0,2777.0,2497.3,8994794.0,365429.0,23791085.34,2753.5
2834.0,2834.9,2629.0,4347293.0,186367.0,11889850.3,2701.9
2697.15,2699.95,2616.65,2114104.0,83280.0,5601959.04,2629.35
2637.0,2645.9,2590.2,2210312.0,104233.0,5783173.92,2610.2
2602.85,2642.55,2579.95,3817762.0,157953.0,9977502.51,2601.45
2602.95,2619.95,2530.95,2361493.0,109139.0,6051013.02,2542.25
2549.0,2651.7,2526.7,2233856.0,101278.0,5827712.52,2644.7
2666.2,2688.1,2621.4,3131247.0,159141.0,8322298.57,2645.2
2622.25,2693.65,2622.25,1958121.0,105735.0,5228444.04,2682.65
2684.5,2723.0,2671.0,2150838.0,96150.0,5807778.65,2697.9
2735.0,2754.7,2715.4,2300376.0,97836.0,6292925.0,2739.8
2754.95,2761.45,2697.05,1676220.0,74957.0,4570103.75,2707.85
2714.0,2718.4,2651.1,1560484.0,76859.0,4163768.34,2665.8
2682.95,2733.75,2663.95,2088026.0,100876.0,5641860.04,2697.35
2697.1,2710.0,2670.1,1760861.0,105429.0,4744706.07,2701.3
2708.0,2710.0,2586.0,1853717.0,85422.0,4898539.87,2607.9
2610.85,2614.95,2547.05,1737942.0,90168.0,4476962.7,2580.65
2564.1,2672.4,2553.5,2280821.0,108815.0,5940055.14,2653.3
2639.95,2684.25,2606.65,2502130.0,98297.0,6644912.17,2641.55
2646.95,2668.35,2595.35,2144663.0,84345.0,5635995.23,2605.45
2607.0,2623.8,2567.6,1539721.0,64812.0,4001253.86,2583.1
2584.0,2624.6,2567.0,1794899.0,81018.0,4657779.91,2600.2
2600.2,2673.8,2600.2,1735483.0,67855.0,4602926.97,2663.2
2664.0,2704.3,2647.2,2311807.0,100026.0,6199786.58,2691.9
2699.95,2717.55,2639.45,1797309.0,74333.0,4819813.05,2652.55
2655.45,2669.85,2627.95,1092731.0,52605.0,2890082.71,2638.95
2649.95,2706.95,2645.55,1514047.0,54663.0,4073157.12,2686.25
2699.0,2709.0,2676.5,982862.0,41860.0,2644137.63,2680.2
2700.05,2728.95,2692.35,1649796.0,69139.0,4469943.66,2702.25
2700.0,2720.5,2677.3,1436859.0,62174.0,3886662.98,2696.2
2701.0,2714.7,2660.1,1530630.0,63073.0,4120247.13,2698.1
2697.1,2713.8,2675.0,1393742.0,57142.0,3750082.39,2684.7
2683.0,2697.0,2560.0,1769011.0,82469.0,4648551.21,2575.2
2589.95,2614.85,2545.45,1822319.0,98847.0,4709468.15,2582.25
2583.2,2652.0,2505.0,3738649.0,139043.0,9628437.99,2545.7
2531.45,2543.65,2411.95,2297572.0,108826.0,5700540.63,2425.25
2419.95,2440.85,2366.35,1614297.0,82584.0,3896519.03,2411.05
2427.2,2524.9,2427.2,2024440.0,103415.0,5016588.69,2517.6
2537.95,2586.35,2535.95,2165324.0,119805.0,5547647.45,2573.55
2556.95,2622.85,2533.05,1616941.0,80411.0,4152530.59,2602.25
2581.6,2585.0,2537.7,1396275.0,64989.0,3581173.11,2562.5
2561.0,2582.0,2512.6,1281427.0,77741.0,3267091.28,2523.2
2528.0,2549.0,2503.5,1025647.0,57832.0,2592719.76,2524.2
2541.95,2572.95,2516.95,1562954.0,72237.0,3979023.28,2540.35
2549.0,2571.0,2530.2,1299779.0,65444.0,3320666.96,2557.1
2542.45,2566.95,2483.05,1389568.0,68260.0,3503628.43,2500.55
2505.15,2531.95,2474.95,1253668.0,57329.0,3135616.95,2489.65
2491.0,2506.7,2430.3,2426452.0,140559.0,5973983.01,2469.5
2456.95,2481.95,2433.95,1834944.0,95381.0,4505830.65,2439.25
2415.0,2485.0,2410.0,2033353.0,87102.0,4969684.08,2437.2
2453.0,2469.0,2440.9,1394626.0,59159.0,3425211.21,2461.4
2476.6,2484.0,2441.6,1796189.0,77287.0,4425627.19,2473.9
2454.95,2464.65,2421.05,1292841.0,61166.0,3155817.05,2426.25
2415.0,2449.0,2405.3,1557981.0,66728.0,3782302.24,2436.1
2411.95,2445.35,2389.95,3278990.0,153453.0,7938559.54,2417.95
2429.95,2439.95,2404.95,1253637.0,58022.0,3037757.85,2414.45
2419.95,2438.85,2401.95,1233102.0,51595.0,2983174.62,2429.15
2424.95,2436.25,2352.45,2092388.0,98391.0,4997243.68,2368.95
2381.0,2383.5,2350.1,1580026.0,81621.0,3734151.75,2362.5
2355.0,2429.3,2354.0,1655621.0,118894.0,3970310.92,2421.2
2434.15,2461.95,2429.35,1594806.0,64598.0,3898780.18,2442.25
2444.95,2448.25,2408.45,1606595.0,87763.0,3885402.59,2414.75
2413.95,2476.85,2410.05,2796397.0,113815.0,6864943.83,2467.55
2479.8,2549.0,2479.8,2647496.0,127077.0,6683925.68,2524.7
2529.95,2577.35,2491.65,2678413.0,86936.0,6835660.67,2506.15
2499.9,2509.0,2465.3,1431218.0,99888.0,3554849.5,2496.0
2510.1,2535.3,2474.0,1420013.0,64928.0,3566263.25,2505.0
2512.0,2523.8,2453.0,1470048.0,58587.0,3643599.57,2460.7
2476.95,2516.95,2472.85,1519355.0,52080.0,3791871.69,2504.35
2517.2,2534.0,2504.0,1650808.0,64744.0,4163015.18,2522.0
2522.9,2529.3,2493.4,1571584.0,66684.0,3943404.06,2505.0
2505.95,2508.95,2475.95,1242886.0,52632.0,3091269.45,2486.15
2490.95,2529.95,2486.05,1691355.0,68304.0,4247000.99,2515.75
2537.2,2572.0,2527.9,1787508.0,59560.0,4554227.83,2565.9
2566.95,2589.85,2551.95,1297520.0,65159.0,3331878.05,2567.35
2548.95,2562.85,2525.55,1628977.0,84738.0,4137962.69,2549.95
2563.3,2608.9,2563.3,1598132.0,77909.0,4136671.67,2603.1
2605.0,2641.0,2587.5,1637441.0,63528.0,4272258.52,2630.4
2613.75,2643.85,2594.45,1743754.0,71773.0,4572400.32,2623.25
2629.0,2644.0,2550.0,1568736.0,67441.0,4073916.16,2563.1
2583.35,2588.05,2536.95,1304495.0,66100.0,3342595.77,2562.35
2554.0,2628.0,2544.0,2012120.0,77782.0,5248381.88,2620.4
2626.0,2631.9,2555.0,1555851.0,62521.0,4036961.62,2568.0
2550.95,2624.95,2542.25,1434698.0,62409.0,3708176.89,2601.55
2609.9,2624.7,2549.2,1937915.0,104272.0,5022182.91,2556.2
2550.35,2573.15,2455.65,2310629.0,102743.0,5837162.85,2486.35
2495.0,2499.9,2362.3,2836908.0,104331.0,6854369.51,2377.7
2359.85,2460.05,2350.05,2811845.0,108855.0,6744619.48,2445.25
2451.0,2478.0,2426.0,1384556.0,61351.0,3396501.33,2449.7
2436.1,2476.0,2420.3,1863218.0,72854.0,4568143.91,2445.7
2444.95,2453.95,2412.15,1054475.0,44571.0,2562644.37,2423.35
2404.7,2423.5,2359.4,1300244.0,65537.0,3107997.67,2366.4
2346.05,2419.75,2346.05,1358931.0,62494.0,3258932.48,2411.25
2425.95,2498.45,2425.95,1727923.0,73566.0,4271107.0,2479.55
2454.8,2493.2,2433.2,1252522.0,59432.0,3079550.86,2451.2
2436.95,2494.35,2431.15,1392664.0,51867.0,3436835.21,2485.45
2504.55,2543.95,2492.35,1731597.0,84137.0,4370247.22,2523.55
2500.3,2554.8,2452.4,1907395.0,77887.0,4787631.03,2466.4
2488.0,2535.0,2475.1,1463300.0,62513.0,3672715.83,2521.9
2576.95,2593.75,2552.75,1882423.0,76781.0,4844749.73,2569.45
2579.95,2606.95,2569.55,1502231.0,59119.0,3887256.85,2584.15
2608.95,2613.55,2565.05,1451117.0,68522.0,3748882.32,2575.25
2591.35,2593.65,2573.95,237621.0,16153.0,613321.38,2578.55
2592.0,2619.9,2581.0,1342958.0,82609.0,3495298.63,2597.8
2607.95,2664.25,2605.95,2296348.0,92792.0,6064222.98,2656.75
2676.95,2678.95,2630.95,1737297.0,70730.0,4607561.19,2643.75
2649.9,2653.1,2622.0,1554427.0,63861.0,4099579.14,2638.0
2652.0,2709.8,2646.0,2077024.0,67435.0,5591444.31,2702.8
2705.95,2743.45,2694.25,1778064.0,53392.0,4845816.29,2723.45
2733.0,2799.8,2724.1,2660510.0,94619.0,7384197.84,2781.9
2775.0,2781.0,2730.0,1816303.0,109428.0,4993220.8,2742.5
2759.0,2769.0,2733.0,1206889.0,47274.0,3315160.08,2739.5
2747.85,2762.45,2704.95,1740595.0,65532.0,4755731.07,2740.35
2752.95,2771.45,2735.55,1623323.0,58102.0,4474945.65,2746.05
2756.1,2762.3,2695.0,1685902.0,83481.0,4587680.91,2719.3
2729.95,2806.85,2719.95,5084669.0,218796.0,14094954.56,2787.85
2794.0,2951.3,2792.2,4916412.0,184395.0,14219136.72,2940.6
2956.95,2978.95,2924.05,3289839.0,117782.0,9724903.14,2945.75
2949.0,2968.0,2903.6,2073593.0,103370.0,6085656.56,2910.5
294.75,298.75,291.25,18099509.0,183671.0,5363919.73,297.1
299.9,307.0,297.25,21009207.0,191411.0,6385178.0,305.5
307.8,309.85,306.05,18631463.0,183826.0,5741898.67,308.85
309.9,309.95,301.0,26776620.0,224296.0,8173956.07,304.45
304.9,308.75,303.6,11131807.0,94644.0,3410548.52,306.25
307.0,308.5,303.85,15378080.0,93793.0,4703168.15,305.85
308.4,322.5,308.0,27760604.0,199440.0,8844650.73,321.4
322.8,326.95,317.6,18449916.0,167654.0,5932333.61,319.6
318.9,322.8,311.55,23776383.0,193394.0,7562133.22,318.7
319.65,322.9,316.35,13699078.0,134276.0,4380865.72,317.95
319.85,321.0,314.05,13809486.0,112216.0,4393447.18,320.3
320.0,321.3,316.0,11391988.0,91179.0,3632078.76,317.55
318.6,318.6,312.3,9814223.0,115724.0,3086788.32,312.9
312.7,314.4,305.5,14926558.0,126498.0,4611859.08,306.55
303.5,317.2,303.3,15381613.0,152998.0,4794928.22,315.95
313.6,318.55,310.45,13151866.0,118987.0,4133986.9,314.05
313.65,316.9,309.0,11727933.0,108669.0,3669010.99,311.35
308.3,316.0,307.55,15117938.0,150237.0,4720558.51,310.55
308.1,311.0,293.0,20951938.0,211851.0,6308692.01,295.6
294.4,306.4,287.0,28290440.0,273555.0,8425805.45,301.75
310.8,312.6,304.5,18921827.0,175235.0,5836047.62,307.1
311.55,312.0,303.5,14130478.0,128865.0,4341351.27,304.15
306.3,308.65,303.35,11565161.0,106653.0,3540839.92,307.7
307.6,312.5,306.25,12836868.0,119061.0,3971415.47,307.2
306.0,309.95,305.0,14866629.0,98442.0,4559440.06,305.75
306.85,309.8,306.05,7373519.0,67785.0,2269881.66,307.65
309.5,310.2,307.0,7699059.0,78041.0,2372614.15,307.55
308.2,310.75,306.0,8113742.0,69322.0,2502426.35,309.75
310.05,312.95,310.0,6305857.0,55077.0,1963850.24,311.85
312.45,315.0,310.7,6138488.0,58688.0,1925488.86,314.0
314.35,318.3,314.35,9935094.0,79553.0,3147388.63,315.25
316.25,316.8,312.1,9136716.0,88236.0,2867431.68,312.75
310.0,311.1,298.7,15329257.0,169268.0,4677601.3,299.9
300.0,302.55,295.15,15046745.0,147185.0,4513243.03,300.15
305.0,306.5,302.35,8939749.0,85776.0,2722592.69,304.85
306.7,307.85,302.0,11953948.0,86383.0,3639361.37,303.2
304.15,307.8,301.1,8536142.0,71620.0,2610906.35,307.1
308.15,310.75,304.15,9484804.0,94825.0,2923405.59,305.1
304.0,307.0,302.25,8855660.0,105452.0,2699164.96,304.7
319.9,323.7,314.0,30729523.0,218045.0,9779600.93,320.3
320.0,320.3,313.1,21598514.0,162231.0,6812224.9,315.45
316.55,317.95,312.5,9975658.0,77913.0,3135878.35,313.15
314.0,319.8,314.0,13104643.0,102056.0,4162310.6,318.15
319.9,327.6,319.0,22617660.0,218767.0,7357244.53,326.2
326.9,327.6,321.8,12232626.0,134697.0,3963650.84,324.65
328.25,332.55,324.65,17127278.0,151074.0,5629290.87,327.45
329.4,332.15,322.6,13734088.0,158444.0,4482899.86,330.05
330.4,336.0,328.2,19428852.0,169823.0,6470529.39,334.6
332.8,333.6,325.1,14911660.0,139604.0,4901824.64,327.0
328.7,330.5,307.0,30252827.0,283121.0,9477149.83,308.95
309.5,311.9,305.1,17639807.0,146146.0,5439786.96,307.5
312.0,312.0,299.05,23743882.0,227509.0,7214558.04,300.3
302.7,302.95,291.9,21477507.0,233412.0,6351980.05,293.05
293.15,297.8,289.2,15722348.0,156258.0,4624755.21,290.8
291.0,294.85,285.7,15985714.0,162287.0,4647120.42,290.3
289.5,292.8,278.0,17088719.0,199946.0,4863094.02,279.5
277.5,290.8,275.7,22589681.0,200547.0,6457862.6,287.3
290.8,293.5,283.7,17366588.0,157109.0,5002676.54,285.95
288.9,289.0,278.3,20957180.0,204691.0,5931745.68,284.3
288.0,307.95,285.35,70540056.0,489932.0,21105343.68,306.95
310.6,313.15,304.7,21372131.0,191827.0,6613269.72,306.7
306.8,307.9,302.0,13472484.0,132293.0,4117092.11,305.7
306.1,307.3,296.8,17762135.0,161674.0,5361130.57,302.35
301.9,306.5,297.05,15792502.0,139509.0,4787375.26,302.3
303.2,304.6,294.4,12440505.0,124068.0,3731311.98,296.55
296.9,299.0,292.1,15046698.0,160554.0,4450175.23,296.25
299.0,300.65,295.0,12845169.0,140342.0,3828728.29,295.55
297.0,297.0,288.05,18707345.0,208496.0,5450096.65,289.4
291.25,301.0,290.1,18316053.0,183942.0,5442581.88,299.9
304.95,306.4,295.1,25014393.0,190989.0,7553074.02,301.65
305.9,305.9,296.7,15085595.0,146727.0,4540367.71,302.0
303.5,305.4,299.7,14387971.0,120759.0,4347078.58,302.6
314.0,315.0,292.0,38674148.0,279976.0,11725294.42,293.85
294.75,296.25,289.75,16803823.0,160590.0,4922644.38,293.8
292.0,294.0,288.7,13199803.0,134400.0,3843953.6,290.65
290.75,293.25,285.1,14064427.0,143101.0,4074921.13,287.6
288.55,290.9,283.75,16329314.0,153093.0,4679261.03,285.15
288.15,289.45,286.1,9969794.0,125972.0,2865509.74,286.85
290.0,291.05,280.0,13414248.0,164812.0,3818217.72,280.75
281.5,283.85,280.0,15132928.0,124888.0,4267001.28,281.65
283.9,284.0,279.5,11350496.0,100856.0,3201531.83,283.1
284.1,288.45,282.0,12394230.0,131491.0,3546117.44,287.3
290.0,290.3,280.6,11046649.0,98953.0,3156325.8,281.6
281.8,282.4,276.8,11482652.0,168613.0,3212279.23,278.25
279.4,280.0,273.55,13058026.0,157505.0,3613630.22,274.75
273.8,276.4,269.0,17585259.0,169767.0,4781998.39,270.55
271.9,272.1,265.0,15824629.0,134616.0,4237389.62,265.4
264.5,265.9,255.2,22253318.0,177427.0,5798130.09,256.65
259.85,264.95,256.0,19423101.0,156218.0,5060381.75,263.6
265.1,269.35,263.15,12303870.0,123307.0,3277443.22,267.9
268.9,271.35,266.0,19482636.0,151165.0,5232841.33,267.05
266.65,274.65,263.15,12383589.0,118370.0,3340295.16,273.45
275.45,275.75,271.2,12925445.0,109410.0,3537574.06,274.65
275.3,276.35,270.3,12933524.0,135557.0,3529422.89,272.05
271.9,277.35,271.85,9913899.0,94381.0,2717405.07,273.9
275.0,281.8,272.5,13471276.0,129524.0,3737538.94,280.85
281.0,287.35,280.05,16880558.0,144919.0,4810738.71,285.75
287.8,288.5,283.35,11985436.0,108287.0,3425301.8,286.3
287.4,294.45,285.95,17289500.0,135175.0,5022863.33,290.0
290.25,294.25,286.5,15043998.0,110312.0,4370567.7,292.4
291.0,294.9,289.2,16819018.0,139387.0,4913187.55,291.75
291.0,293.35,284.85,13788536.0,99364.0,3996227.24,287.65
287.4,292.0,281.75,15487948.0,120134.0,4449991.46,289.2
290.55,293.25,275.4,17741741.0,129567.0,5041655.38,283.85
285.0,287.4,276.25,13874710.0,119054.0,3891297.54,277.65
278.35,279.6,274.35,10049508.0,101030.0,2779482.97,275.55
276.55,276.55,266.1,12394191.0,115732.0,3337530.52,267.05
267.0,273.5,265.15,12693457.0,114365.0,3422487.53,272.5
272.25,273.4,269.55,8217676.0,80692.0,2231769.98,271.9
270.1,273.45,266.7,21635216.0,124844.0,5850884.46,269.75
274.0,278.0,271.65,8012690.0,83806.0,2200606.67,277.15
277.0,277.0,271.35,7102772.0,69508.0,1944090.28,272.05
271.45,273.6,263.25,16335660.0,121003.0,4348870.44,265.4
264.0,267.25,259.65,15962706.0,124184.0,4199560.86,260.95
264.0,268.0,260.3,14044596.0,111263.0,3712428.88,261.95
263.4,277.2,262.6,17198308.0,141017.0,4684808.39,276.05
275.3,275.4,266.35,12792368.0,103059.0,3447681.17,267.4
269.9,275.0,268.05,9245732.0,83160.0,2516866.72,274.3
274.0,281.9,272.95,13101418.0,112878.0,3641234.71,280.95
282.0,288.35,282.0,18247889.0,141324.0,5221414.44,287.45
289.9,290.0,285.4,13266119.0,119821.0,3821386.07,289.75
289.2,291.35,286.2,14541041.0,98858.0,4201900.5,288.45
289.5,294.8,289.25,11807544.0,101134.0,3457364.65,292.6
294.0,294.75,288.45,12118415.0,120083.0,3521843.95,290.25
293.0,305.0,280.75,69490117.0,554871.0,20440188.86,282.45
280.2,284.3,276.15,20356833.0,185745.0,5702047.67,277.65
279.0,280.8,276.0,9675703.0,102163.0,2691299.44,277.15
277.0,281.6,274.2,12176680.0,105485.0,3394562.15,280.75
279.8,279.8,276.1,13024987.0,92415.0,3619470.02,277.6
278.65,281.65,277.1,14809918.0,102642.0,4131890.52,278.15
278.65,282.0,277.55,11567692.0,103433.0,3234686.83,278.2
278.8,279.45,265.35,21653784.0,205264.0,5888406.19,266.25
267.0,267.3,255.05,25967877.0,242044.0,6737182.09,257.4
259.9,261.4,253.75,20210546.0,151143.0,5201373.93,257.6
257.0,262.0,255.6,13539638.0,124006.0,3509961.61,257.8
258.75,258.75,252.55,17384700.0,113334.0,4428363.8,254.95
255.0,258.3,254.0,15275972.0,117016.0,3911021.56,257.6
259.0,262.55,258.5,10910978.0,88519.0,2847434.86,260.6
262.25,262.95,252.65,20857622.0,139105.0,5337166.58,254.0
254.05,255.5,251.8,11440479.0,89672.0,2903040.73,253.95
255.0,255.6,248.85,13545280.0,113461.0,3405975.17,250.25
250.25,255.75,249.0,9896598.0,105299.0,2494008.35,254.6
256.0,256.9,253.5,11241061.0,92549.0,2871299.98,255.1
256.45,260.7,255.2,11598549.0,87436.0,2994500.6,258.1
259.9,263.1,258.15,12216399.0,97113.0,3180952.55,260.15
260.9,267.4,260.8,11051382.0,115204.0,2928051.53,266.0
269.4,271.2,266.25,16180083.0,120863.0,4346565.18,267.75
267.7,267.9,260.5,8361760.0,75339.0,2217364.61,262.35
261.25,266.0,259.05,16506503.0,100903.0,4351039.36,264.8
264.1,266.9,261.05,14588452.0,98899.0,3847106.12,265.2
258.75,260.8,255.0,15040805.0,105813.0,3873650.43,259.65
259.25,263.35,257.6,14181965.0,85628.0,3701695.99,262.75
263.1,269.5,262.55,12072024.0,91610.0,3218792.51,267.75
267.9,271.25,266.1,8741783.0,84937.0,2347918.93,267.85
267.35,270.0,266.8,7238541.0,59501.0,1943897.59,269.4
263.2,271.5,262.0,9458200.0,75916.0,2522212.69,270.8
270.4,274.65,270.0,12523410.0,106296.0,3413843.64,272.9
269.9,271.0,265.6,12669850.0,85347.0,3397578.71,267.35
267.0,271.3,267.0,6469504.0,57699.0,1740686.58,267.75
270.25,271.0,266.25,8788162.0,77565.0,2367748.68,270.55
272.0,274.35,267.9,8423083.0,80546.0,2287470.6,273.7
273.6,273.6,267.15,10337307.0,93984.0,2795541.48,268.2
268.75,271.7,267.15,7483918.0,59970.0,2015037.1,268.05
269.75,272.75,268.1,8354120.0,59028.0,2259433.45,272.2
272.4,274.0,270.5,5571891.0,49465.0,1515366.17,271.1
272.0,272.0,266.15,6418930.0,53325.0,1720017.97,267.45
267.0,269.8,263.5,5638653.0,50543.0,1503769.32,264.3
263.7,269.4,261.9,11322177.0,83774.0,3006308.53,268.55
268.5,272.0,267.25,6376216.0,57972.0,1718918.47,270.05
268.7,270.35,262.1,7796401.0,68514.0,2076559.38,263.25
263.2,263.4,258.05,6788558.0,71666.0,1765626.23,258.45
260.25,263.9,258.35,10788886.0,102534.0,2809518.2,259.2
260.0,260.7,252.3,9997136.0,91282.0,2555150.41,253.6
253.6,259.5,253.6,10536937.0,68531.0,2707124.91,256.8
258.0,273.75,257.55,20534806.0,162026.0,5503587.21,270.05
270.0,283.0,269.9,21901780.0,171677.0,6125372.86,281.05
282.5,289.95,276.4,28858887.0,202238.0,8203513.68,288.6
289.1,291.8,284.25,10169558.0,91399.0,2927439.66,285.4
285.6,290.8,282.0,15372143.0,113784.0,4410468.71,289.05
288.5,288.5,280.2,13845614.0,134570.0,3930243.98,281.3
282.05,286.0,280.1,14694901.0,96782.0,4168991.29,282.75
285.8,289.45,267.5,39233644.0,321749.0,10880200.17,268.8
267.45,267.45,255.05,29724325.0,207677.0,7755746.56,256.35
259.75,262.85,258.15,16360033.0,132908.0,4258627.59,259.3
261.9,269.4,259.25,14852873.0,126941.0,3936127.57,268.5
272.0,281.9,270.8,27500063.0,224897.0,7637832.23,279.75
280.8,288.0,275.55,27728824.0,223393.0,7859917.08,284.8
283.9,285.95,275.55,15452575.0,149258.0,4335992.86,278.0
277.65,281.65,268.0,14577599.0,118110.0,3994370.49,270.55
261.5,268.9,256.2,19030056.0,161875.0,5004965.53,267.5
254.7,257.7,242.4,29561705.0,247643.0,7454137.59,245.4
250.0,254.8,240.0,23492839.0,202892.0,5856737.56,253.35
252.5,253.3,245.0,16325529.0,152198.0,4057677.99,245.7
251.15,252.0,248.1,21076926.0,127816.0,5266344.28,249.45
254.5,255.9,247.45,16644381.0,138473.0,4195788.73,248.95
249.0,251.35,245.0,21645114.0,138355.0,5369451.64,247.35
244.85,244.85,237.7,19689080.0,171521.0,4735774.88,239.1
242.65,243.0,230.1,23655457.0,202382.0,5540317.22,230.55
232.65,235.4,231.0,14680299.0,123875.0,3419690.79,232.25
231.9,231.9,224.0,20466346.0,180922.0,4627819.19,225.15
227.1,227.5,220.15,15424783.0,170823.0,3456917.29,221.1
223.0,230.25,221.15,16189253.0,149759.0,3663178.09,228.35
233.95,234.5,229.1,18237115.0,121876.0,4235061.1,231.65
227.35,229.8,224.1,14195882.0,117419.0,3208874.37,227.45
230.9,233.3,228.0,13650937.0,105226.0,3150573.92,230.1
231.55,236.0,230.0,10671222.0,84874.0,2490210.17,235.25
235.2,238.45,232.65,13193410.0,112433.0,3103447.87,234.0
236.4,237.75,235.0,11272509.0,70760.0,2664599.55,236.8
240.0,246.45,239.5,16049395.0,132524.0,3909275.39,242.0
239.55,246.0,237.25,9602436.0,84490.0,2329534.02,245.25
247.95,248.45,236.25,13667322.0,110945.0,3321055.06,237.95
235.0,241.9,233.6,13614082.0,102490.0,3244638.86,239.85
239.45,241.45,238.05,9299508.0,72488.0,2228434.68,239.05
241.0,243.65,238.65,8588230.0,70451.0,2073482.02,239.45
236.0,245.4,232.2,24488685.0,173990.0,5892390.89,241.9
244.85,245.4,235.7,17011911.0,129082.0,4070514.58,237.15
241.2,241.9,234.4,11590498.0,79332.0,2750146.37,235.15
238.1,241.35,237.25,18307463.0,76607.0,4387085.73,240.0
242.7,242.8,237.7,10087077.0,73164.0,2422565.71,240.1
240.15,244.25,239.05,10608795.0,78909.0,2571813.33,243.55
242.45,245.2,241.1,9230511.0,76269.0,2244606.52,243.3
245.5,247.8,240.65,12171416.0,105441.0,2981319.88,243.45
244.1,245.65,241.3,7566962.0,57702.0,1848345.48,244.55
244.0,247.5,242.05,10200698.0,73013.0,2494711.84,243.8
243.7,246.8,243.2,7895820.0,55278.0,1933055.77,244.25
246.0,249.9,245.5,11582401.0,86325.0,2877244.32,248.95
249.85,257.15,248.35,11738832.0,84407.0,2956324.78,254.85
256.65,257.1,253.5,8969153.0,60162.0,2288375.32,254.5
254.5,257.1,253.2,8811740.0,58553.0,2247391.99,254.85
254.0,255.9,248.55,8606466.0,58318.0,2163720.29,249.8
253.0,254.85,252.0,7544810.0,77411.0,1912097.23,253.4
254.75,256.0,250.35,13085058.0,82870.0,3313622.32,251.25
250.1,252.2,248.1,6565348.0,59563.0,1641911.91,248.8
248.0,249.45,241.2,12310403.0,92805.0,3003224.12,242.05
241.5,241.8,236.45,16114932.0,92417.0,3844693.9,236.95
238.7,240.4,235.1,8669606.0,74888.0,2062774.69,237.05
238.0,238.0,232.7,7611610.0,72432.0,1792459.35,236.9
239.35,239.7,235.0,8323201.0,70852.0,1974697.01,235.95
239.2,240.5,237.0,8418352.0,54933.0,2010387.01,239.0
238.0,239.0,233.1,8906564.0,78782.0,2103032.2,233.9
235.6,244.8,233.0,30821077.0,205921.0,7428582.29,243.0
236.0,248.3,235.6,22806485.0,169076.0,5583806.35,246.1
244.9,247.25,240.1,11767845.0,81141.0,2861354.21,241.2
243.0,244.25,242.55,2061681.0,24738.0,501567.84,243.15
241.5,241.8,237.7,9082062.0,68168.0,2178937.15,240.25
239.5,249.35,239.1,14051479.0,99089.0,3447347.32,248.3
250.0,251.65,246.7,11273394.0,82525.0,2806306.06,247.85
247.6,248.7,239.45,10397889.0,77659.0,2534511.72,241.0
243.05,245.0,241.4,7325199.0,51700.0,1783978.18,243.9
243.95,249.9,242.0,13718619.0,80095.0,3368019.32,242.95
243.9,245.25,240.55,10552151.0,65107.0,2565804.71,242.7
242.5,244.0,240.6,6651669.0,52769.0,1612833.93,241.4
241.95,244.9,241.0,13629888.0,74502.0,3313401.91,242.5
243.0,250.5,242.8,15149912.0,95949.0,3748351.79,249.7
249.65,253.0,245.0,12865469.0,107373.0,3228127.62,250.2
250.85,251.9,249.3,9501537.0,74258.0,2380515.99,250.2
250.55,250.65,243.75,10881754.0,85982.0,2676155.88,244.6
244.15,244.5,240.4,7155630.0,53130.0,1735388.92,241.1
240.0,242.15,238.05,11115170.0,81492.0,2670611.51,241.1
242.95,242.95,238.0,7531729.0,65807.0,1805861.14,238.65
238.1,239.95,235.3,8254434.0,65633.0,1960116.97,235.95
235.4,238.2,233.6,7408777.0,60770.0,1746990.06,234.4
236.0,236.75,230.6,11713559.0,110656.0,2725084.94,231.95
232.9,233.9,225.1,12872949.0,107212.0,2946294.14,227.3
224.9,227.7,224.0,12464883.0,196552.0,2816646.73,225.95
227.0,227.15,224.0,10404430.0,88956.0,2346223.92,226.4
227.75,229.6,225.25,13030720.0,90557.0,2966149.65,227.3
230.0,232.4,228.5,14539096.0,111133.0,3354140.73,230.9
229.95,232.35,225.8,18871084.0,133177.0,4319445.63,226.5
226.9,231.0,226.5,9557098.0,82470.0,2193929.57,230.45
231.65,232.25,227.5,9155574.0,69702.0,2106647.8,228.35
230.25,231.0,228.9,7914311.0,55788.0,1821091.83,229.65
230.85,231.0,227.6,7257958.0,47333.0,1659698.96,228.3
229.05,229.95,228.0,8756879.0,60826.0,2005222.47,228.9
228.85,229.95,227.5,7263286.0,88491.0,1661012.96,228.2
229.0,229.7,224.85,11702877.0,78824.0,2656287.71,225.8
225.95,226.55,224.0,11558305.0,70055.0,2599041.49,224.45
225.0,228.9,224.5,6449426.0,49529.0,1463600.67,227.8
226.95,226.95,220.05,14092071.0,113875.0,3139744.22,220.7
222.8,222.8,217.0,15074848.0,137290.0,3308362.09,217.75
217.9,219.9,216.4,11921123.0,96992.0,2598851.53,216.85
214.0,214.1,209.0,14342279.0,131516.0,3023488.4,209.55
212.0,212.5,208.6,11745840.0,93167.0,2465445.54,208.95
206.8,207.5,202.65,19287860.0,127131.0,3948218.74,204.3
204.85,205.0,198.6,20318816.0,160629.0,4089639.52,199.4
201.35,202.4,194.0,23788247.0,162555.0,4734784.48,200.9
197.0,201.5,194.3,20256636.0,148958.0,4005991.94,196.05
197.8,197.8,181.0,29090426.0,207300.0,5514120.62,184.3
184.9,188.15,179.15,35653244.0,218962.0,6542261.6,181.0
182.15,187.8,181.5,24501774.0,153915.0,4516339.89,182.95
180.65,180.65,171.5,28655794.0,247132.0,5019493.67,173.65
177.0,178.65,172.05,28697205.0,218633.0,5031862.56,175.6
179.9,185.4,178.3,21432409.0,141051.0,3913915.27,184.6
187.9,188.8,182.5,17534650.0,120763.0,3251080.48,182.95
184.4,186.2,181.05,16569813.0,116934.0,3049399.58,184.4
184.2,185.9,182.5,20241030.0,84669.0,3735335.21,185.25
184.2,185.75,178.1,24259147.0,156963.0,4380071.22,179.9
181.95,181.95,172.1,22915269.0,159984.0,4021007.28,172.75
173.1,177.4,168.6,35957332.0,241010.0,6207324.04,169.4
167.8,167.8,163.25,24132003.0,196005.0,4001492.08,166.05
169.3,169.8,160.2,23811109.0,145796.0,3925151.22,162.85
163.7,169.3,162.2,22732245.0,131919.0,3780668.6,168.2
169.45,176.9,168.55,22289005.0,166535.0,3874016.81,172.15
168.0,172.4,166.1,19008384.0,116605.0,3210602.14,167.05
165.0,166.2,158.0,32294785.0,189650.0,5224865.04,159.0
155.5,158.7,152.55,30051402.0,157.0,46812.8,155.9
157.6,158.1,151.0,22713124.0,152.0,34953.58,151.8
156.0,160.7,155.3,19440950.0,156.65,30731.99,156.3
165.0,165.0,158.0,20200068.0,158.6,32405.13,158.5
165.95,166.8,163.7,15815058.0,165.0,26107.54,164.95
157.9,165.3,157.1,24592575.0,164.95,40070.7,164.7
161.95,163.7,156.4,21024178.0,159.0,33641.41,159.8
155.0,159.85,151.25,32447698.0,159.65,50615.96,158.95
170.75,170.75,155.65,33816243.0,156.35,54736.35,156.4
159.0,170.0,158.0,35956266.0,167.4,59460.05,167.85
1.00,1.00,1.00,1.00,1.00,1.00,1.00
1.00,1.00,1.00,1.00,1.00,1.00,1.00
1.00,1.00,1.00,1.00,1.00,1.00,1.00