20.2,20.45,19.6,2043021.0,6067.0,40777.64,19.75
19.95,20.55,19.85,3123502.0,6840.0,63564.16,20.3
20.1,20.3,19.25,2063403.0,4452.0,41025.69,19.65
20.35,20.8,19.75,6761035.0,11011.0,138034.93,20.15
20.05,20.35,19.45,1687992.0,4387.0,33411.59,19.8
19.7,20.25,19.3,2652093.0,6289.0,52864.55,19.95
19.85,20.6,19.8,2354342.0,7751.0,47930.87,20.45
20.5,21.8,20.45,9611214.0,20079.0,204955.99,21.65
22.1,22.9,21.75,23095924.0,34529.0,517844.43,22.4
20.15,21.45,20.15,32345333.0,31585.0,679558.21,21.05
21.0,21.3,20.9,6421122.0,4298.0,135005.69,21.0
21.05,21.25,21.0,5058621.0,5953.0,106713.73,21.1
21.3,21.7,21.0,5036116.0,7057.0,106380.9,21.05
21.0,21.4,21.0,7316445.0,7577.0,155084.82,21.25
21.25,21.35,21.05,3798148.0,7420.0,80336.08,21.25
21.1,21.45,21.1,4146900.0,4587.0,88077.25,21.2
21.2,21.25,21.05,2306080.0,5796.0,48663.74,21.1
21.15,21.25,21.1,3490977.0,7928.0,73906.58,21.15
21.1,21.25,21.1,1971407.0,6505.0,41665.13,21.15
21.1,21.25,20.8,2206646.0,6499.0,46641.35,21.15
21.2,21.25,21.05,1732786.0,5628.0,36607.73,21.15
21.1,21.3,21.1,3148715.0,6580.0,66680.4,21.15
21.2,22.35,21.1,16233443.0,22983.0,351669.31,21.4
21.4,21.8,21.3,4583475.0,9783.0,98961.78,21.65
21.5,21.9,21.3,2539623.0,4888.0,54614.33,21.35
21.55,21.6,21.15,2290383.0,3257.0,48740.56,21.25
21.25,21.6,21.2,4766927.0,6676.0,101473.73,21.25
21.25,21.5,21.2,3439726.0,5084.0,73191.45,21.4
21.6,21.65,21.25,464757.0,2334.0,9929.67,21.4
21.25,21.6,21.2,2266334.0,5029.0,48347.79,21.3
21.3,21.4,21.2,1205477.0,2518.0,25659.1,21.3
21.3,21.45,21.25,3186749.0,3717.0,67853.72,21.35
21.35,21.45,21.25,1394286.0,3147.0,29743.06,21.3
21.35,21.6,21.35,2242161.0,5077.0,48123.91,21.4
21.45,21.7,21.4,2132364.0,4296.0,45996.55,21.55
21.65,22.35,21.5,6540655.0,7803.0,143693.03,21.95
22.1,22.4,21.85,4871506.0,6648.0,107783.74,22.15
22.35,22.35,21.65,3074981.0,5614.0,67402.9,21.8
21.95,23.65,21.7,17802897.0,29879.0,406583.2,22.75
22.85,23.5,22.1,5301713.0,9639.0,120618.51,22.45
22.5,22.75,22.25,2887848.0,6639.0,64858.97,22.35
22.45,22.55,22.05,2872006.0,4062.0,63863.05,22.15
22.0,22.3,21.75,5930859.0,7466.0,129658.88,21.85
21.9,22.25,21.7,3456516.0,4097.0,75916.43,21.75
21.8,22.0,21.7,2733193.0,5185.0,59644.29,21.85
21.9,22.25,21.8,2847168.0,4920.0,62607.76,22.0
22.2,22.45,21.95,1751276.0,3568.0,38788.85,22.05
22.05,22.25,21.9,1903615.0,2756.0,41929.97,21.95
21.95,22.9,21.85,8166903.0,11096.0,182812.74,22.4
22.3,22.8,22.05,3419384.0,5818.0,76440.43,22.25
22.05,22.65,22.05,3902366.0,5899.0,87154.2,22.2
22.15,22.45,22.05,4070359.0,5358.0,90676.84,22.2
22.15,22.25,21.7,5217338.0,10437.0,114470.79,21.85
21.8,22.1,21.65,2628317.0,6380.0,57323.72,21.8
21.7,21.95,21.7,1391949.0,4377.0,30312.44,21.8
21.75,21.9,21.65,1440848.0,2640.0,31319.15,21.7
21.65,22.3,21.6,6208753.0,7729.0,135863.71,21.65
21.7,21.85,21.6,2215882.0,2296.0,48074.63,21.7
21.7,21.9,21.65,1530937.0,2591.0,33326.21,21.75
21.75,22.25,21.75,3907808.0,5414.0,85682.21,21.8
21.85,22.0,21.6,2971003.0,5578.0,64846.04,21.8
22.2,22.25,21.8,4308690.0,7967.0,94748.3,21.85
21.8,22.05,21.65,2471730.0,3633.0,53799.04,21.7
21.8,22.0,21.45,2667228.0,3593.0,57879.58,21.65
21.85,22.4,21.65,8773704.0,9160.0,193879.72,22.2
22.45,23.8,22.3,20634922.0,20788.0,476929.64,23.2
23.5,24.8,22.85,16265815.0,22420.0,391113.2,24.15
24.7,26.65,24.25,21295313.0,33989.0,549459.42,25.7
26.05,27.3,25.5,15256729.0,25368.0,403064.27,25.75
26.0,27.1,23.5,13779367.0,22641.0,354675.98,24.5
24.4,24.9,23.3,5513167.0,11243.0,132604.58,24.55
24.95,25.6,24.15,4412586.0,11062.0,109835.43,24.65
24.85,25.55,24.3,3934882.0,9427.0,98127.36,24.5
24.5,25.4,24.3,5091694.0,10207.0,126069.21,24.8
25.25,25.3,24.65,2680908.0,6190.0,67070.78,24.85
25.0,27.7,25.0,26831943.0,44152.0,723265.96,27.5
28.0,28.1,26.9,11153015.0,20645.0,306852.26,27.3
27.5,27.7,26.75,5862034.0,11725.0,159284.08,27.15
28.4,31.8,28.3,36305124.0,62574.0,1109758.58,30.75
31.15,31.45,30.2,14186421.0,28848.0,435305.71,30.4
30.65,31.6,30.4,13700570.0,34450.0,424477.65,30.6
30.8,30.85,28.25,8582461.0,19723.0,253652.56,28.8
28.7,29.85,28.1,7772204.0,16909.0,224550.35,28.5
28.65,29.0,26.35,6764064.0,16071.0,186205.54,26.55
26.5,27.1,25.15,7053206.0,15450.0,184524.73,26.85
26.9,28.35,26.85,7699317.0,16771.0,213456.69,28.15
28.4,28.5,26.7,5841135.0,17419.0,161729.89,27.3
27.4,27.9,26.2,5108171.0,13830.0,137227.92,26.4
26.9,28.25,26.2,10533546.0,25109.0,288058.11,26.65
27.1,30.15,27.1,36534842.0,64969.0,1064478.06,29.4
30.5,31.1,29.5,20165718.0,40456.0,610499.57,29.75
29.9,29.9,28.8,6399484.0,14918.0,186413.23,28.9
29.05,29.15,28.1,4636285.0,12692.0,132582.64,28.3
28.45,28.75,27.25,9547595.0,22672.0,265447.68,27.35
27.5,28.15,27.5,3965884.0,11024.0,110301.15,27.75
28.0,28.6,27.65,6670603.0,17287.0,187276.71,28.0
28.2,28.45,27.6,6467896.0,12902.0,180392.8,27.7
27.5,27.9,27.05,3869354.0,9597.0,105722.67,27.1
26.8,27.5,26.6,5601706.0,11633.0,151382.94,26.85
26.9,28.05,26.9,6699567.0,15421.0,184224.11,27.55
27.75,27.85,25.5,5061746.0,13226.0,135897.82,25.95
26.0,26.0,24.75,5298463.0,13436.0,134019.87,24.95
24.7,25.75,24.1,7750487.0,18436.0,192552.2,24.7
24.95,25.25,23.25,5497664.0,14847.0,133621.97,23.45
23.35,23.75,22.75,3510651.0,11939.0,81647.01,23.15
23.55,24.2,23.3,4258913.0,10623.0,101345.69,24.05
24.25,24.6,23.8,5364498.0,12128.0,129954.98,24.35
24.2,24.75,24.1,4155328.0,13464.0,101304.01,24.25
24.2,24.45,23.75,3500215.0,12069.0,84367.61,24.3
24.45,24.85,24.0,2884713.0,8299.0,70337.82,24.15
24.1,24.4,23.65,2576735.0,8179.0,61760.27,23.8
24.0,24.35,23.6,3251898.0,9672.0,78106.77,24.2
24.3,25.0,24.2,5065547.0,16002.0,124647.49,24.35
24.1,24.35,23.0,3236864.0,11981.0,75982.82,23.3
23.15,23.45,22.5,3031104.0,12341.0,69272.26,22.75
22.55,22.8,22.25,1968905.0,8005.0,44200.37,22.45
22.2,23.45,22.2,3225132.0,12919.0,73971.04,22.95
22.65,23.35,22.35,3110165.0,9719.0,70797.61,22.45
22.65,22.85,22.1,2252980.0,8220.0,50659.75,22.35
22.3,23.1,22.3,3263768.0,9885.0,74233.69,22.8
22.8,23.3,22.55,3437521.0,10799.0,78891.15,22.85
22.65,23.1,22.15,2586007.0,9207.0,58150.79,22.3
22.05,22.1,21.25,2973959.0,9460.0,64032.0,21.4
21.5,21.8,20.4,3507942.0,11347.0,74042.89,20.55
20.6,21.3,20.55,3816719.0,11908.0,79846.05,20.95
20.7,20.9,19.25,4372886.0,18052.0,87378.72,19.9
19.75,21.55,19.55,7480516.0,19817.0,154057.87,21.1
21.35,21.55,20.85,1917479.0,7312.0,40758.74,21.3
21.4,21.45,20.8,2634612.0,8859.0,55441.68,20.95
20.95,21.0,20.4,2095770.0,9491.0,43180.43,20.6
20.5,20.8,20.05,3154835.0,11624.0,64216.36,20.15
20.2,21.7,20.1,10616409.0,23482.0,224400.51,21.1
21.2,21.4,20.0,4579396.0,15475.0,94627.63,20.15
20.05,20.25,19.45,2858547.0,12159.0,56621.07,19.8
19.6,20.05,19.5,2239421.0,8259.0,44106.84,19.65
19.55,19.9,19.05,3692013.0,11444.0,71605.53,19.4
19.6,19.85,19.2,3325427.0,10877.0,64685.99,19.35
19.5,19.7,18.95,5172705.0,11239.0,99785.63,19.05
19.25,19.45,18.6,4580512.0,10914.0,86976.21,18.65
18.55,18.75,18.05,5871724.0,13032.0,107472.75,18.1
18.0,18.2,17.5,6119387.0,14020.0,108810.36,17.8
17.75,18.75,17.55,6727349.0,14350.0,122077.39,18.45
18.5,18.6,18.1,3387528.0,9217.0,61887.19,18.15
18.0,18.85,17.95,4196422.0,9912.0,77797.99,18.65
18.7,19.4,18.5,6605927.0,14505.0,125465.47,19.05
18.9,19.0,18.3,4697990.0,9385.0,87345.42,18.4
18.2,18.75,18.05,2911349.0,7059.0,53717.74,18.45
18.35,18.65,17.55,4434997.0,9823.0,80239.42,17.7
17.75,18.2,17.6,3136394.0,9536.0,56076.25,17.85
17.7,18.2,17.65,2964643.0,6678.0,53267.09,17.8
18.0,18.2,17.7,3179888.0,10120.0,57003.57,17.75
17.65,18.2,17.6,2306761.0,7979.0,41428.66,17.95
17.85,18.05,17.1,3891471.0,12729.0,68246.22,17.2
17.05,17.3,16.5,3392657.0,13746.0,57115.98,16.8
16.65,17.1,16.1,3438771.0,14432.0,56945.5,16.3
16.1,16.35,15.6,4751166.0,18994.0,75918.83,16.15
16.1,16.75,16.1,2240796.0,7035.0,36855.19,16.25
16.15,16.45,15.9,3135932.0,8064.0,50641.05,16.05
16.0,16.7,16.0,5134104.0,10061.0,83637.36,16.15
16.25,16.65,16.15,2647127.0,7866.0,43457.28,16.4
16.2,17.2,16.2,5040410.0,10230.0,84740.76,16.8
16.7,17.15,16.7,2229135.0,5568.0,37870.32,16.9
17.0,17.2,16.55,3068881.0,6760.0,51534.47,16.65
16.65,16.9,16.5,1795581.0,5594.0,29998.73,16.65
16.5,16.75,16.25,2168051.0,5580.0,35624.22,16.35
16.2,16.45,15.7,2718106.0,9860.0,43459.61,15.85
15.8,16.0,15.55,2274969.0,5779.0,35853.88,15.65
15.9,16.45,15.8,3281693.0,7846.0,53038.74,16.05
15.95,16.4,15.9,2714527.0,7142.0,43850.36,16.1
16.25,16.75,16.15,3276922.0,7070.0,53907.75,16.4
16.65,16.8,16.5,752160.0,2485.0,12529.48,16.65
16.75,17.2,16.6,3977127.0,8440.0,67324.63,16.9
16.8,17.25,16.8,2422933.0,6371.0,41313.68,17.0
17.05,17.15,16.6,2377665.0,6537.0,40021.59,16.8
16.85,16.95,16.55,2065143.0,6670.0,34473.34,16.65
16.75,17.3,16.7,3028750.0,7404.0,51618.11,17.05
17.05,17.8,16.95,4088089.0,11974.0,71384.4,17.6
17.7,18.5,17.6,5658145.0,12728.0,102306.06,17.95
18.1,18.1,17.3,2913265.0,6550.0,51125.41,17.45
17.45,17.8,17.05,1890232.0,6718.0,32779.09,17.3
17.4,17.55,17.0,2346369.0,5311.0,40625.11,17.35
17.35,17.95,17.05,5789526.0,10053.0,101393.72,17.55
17.4,18.8,17.15,19191973.0,30403.0,351102.27,18.25
18.25,18.45,17.55,7073561.0,10296.0,126350.67,17.6
17.6,18.45,17.45,4698434.0,8708.0,83908.61,18.1
18.6,19.75,18.6,19661560.0,32222.0,381242.9,19.4
19.85,20.45,19.1,12720347.0,24236.0,252849.12,19.4
19.2,19.2,18.1,6160713.0,15322.0,113989.42,18.25
18.15,18.35,17.55,5243699.0,10503.0,93839.53,17.65
17.5,18.2,17.15,4706605.0,10621.0,82892.47,17.45
17.6,17.9,16.8,4849420.0,11849.0,83331.16,17.0
17.05,17.55,17.0,3333684.0,7679.0,57525.18,17.1
17.2,17.35,16.8,2948365.0,4897.0,50303.32,16.9
16.7,17.25,16.7,3283434.0,6804.0,55800.98,16.9
16.9,17.15,16.45,2818900.0,7721.0,47103.82,16.5
16.35,16.85,16.35,2669537.0,8733.0,44348.46,16.7
16.5,17.1,16.45,2116585.0,7190.0,35692.44,16.8
16.85,17.05,16.55,2834025.0,7177.0,47589.87,16.8
16.7,16.95,16.5,1876902.0,6834.0,31374.36,16.65
16.9,16.9,16.4,1509288.0,5997.0,25014.75,16.45
16.45,16.75,15.85,3725321.0,8881.0,60522.45,16.05
15.9,17.05,15.85,8493605.0,14083.0,140011.35,16.85
18.05,18.7,17.4,12612491.0,19827.0,226756.78,17.5
17.6,17.9,16.5,5559801.0,11826.0,94579.3,16.75
16.75,16.8,16.25,2875119.0,7181.0,47506.76,16.35
16.15,16.3,15.5,5056269.0,8753.0,79800.3,15.65
15.6,15.8,15.05,5175532.0,9311.0,80026.99,15.4
16.15,16.7,16.0,3364125.0,6895.0,54367.46,16.1
16.5,16.5,15.2,6665245.0,12268.0,104437.12,15.35
15.35,15.65,15.2,3120732.0,5334.0,48093.61,15.45
15.5,15.7,15.25,2713839.0,5768.0,41867.47,15.35
15.35,15.55,15.3,2107959.0,2752.0,32524.6,15.4
15.55,15.6,15.35,1948826.0,3900.0,30136.58,15.45
15.4,15.75,15.4,2549006.0,3899.0,39739.44,15.45
15.5,15.6,15.05,4330480.0,7390.0,65937.67,15.2
15.15,15.45,15.05,3269867.0,4708.0,49799.8,15.3
15.25,15.65,15.2,2636803.0,4010.0,40860.53,15.55
15.6,15.9,15.55,3890652.0,5569.0,61037.27,15.6
15.55,15.95,15.55,2663035.0,4029.0,42094.26,15.8
15.65,16.45,15.35,8412414.0,12024.0,133941.25,15.6
15.55,16.05,15.3,4322240.0,6527.0,67330.71,15.5
15.65,15.85,15.5,2482288.0,4478.0,38922.43,15.6
15.8,16.0,15.5,3191136.0,5733.0,50199.84,15.7
15.9,16.45,15.75,4716381.0,8410.0,76480.28,16.2
16.25,16.35,15.75,3468784.0,5738.0,55539.56,16.05
16.0,16.25,15.55,2967944.0,6751.0,46783.39,15.7
15.7,16.0,15.65,2537645.0,4390.0,40227.17,15.75
15.75,16.4,15.45,5583915.0,7909.0,88691.32,15.75
15.8,16.15,15.7,2549074.0,4315.0,40490.73,15.75
15.75,16.0,15.6,2251428.0,3150.0,35572.71,15.75
15.9,16.35,15.75,4918546.0,6834.0,79252.4,16.2
16.25,16.45,15.9,4153831.0,5949.0,67102.65,16.0
16.15,16.2,15.65,2456595.0,3751.0,38913.84,15.75
15.8,17.2,15.6,7417359.0,9998.0,122662.48,17.0
17.4,17.55,16.4,9736973.0,12994.0,164378.26,16.5
16.35,16.7,16.15,2999378.0,4677.0,49181.1,16.35
16.4,16.75,16.2,3754344.0,5256.0,61548.28,16.3
16.25,16.55,16.2,1922869.0,2993.0,31479.43,16.3
16.45,16.5,16.0,2623268.0,4728.0,42539.51,16.1
16.2,16.35,15.85,3646195.0,5433.0,58527.59,15.95
16.0,16.2,15.55,3159937.0,4730.0,50093.22,15.65
15.7,15.75,15.25,3444650.0,3835.0,53120.15,15.35
15.25,15.55,15.0,2599693.0,3766.0,39709.84,15.1
15.35,15.45,14.9,2317878.0,5205.0,35164.42,15.15
15.3,15.85,15.1,2947538.0,4390.0,45486.59,15.45
15.55,15.8,15.2,3168110.0,5147.0,49050.57,15.35
15.4,15.55,15.25,2175144.0,2885.0,33488.94,15.4
15.9,15.9,15.45,2290065.0,3865.0,35685.84,15.55
15.65,16.7,15.45,8320114.0,10177.0,135008.45,16.4
16.6,16.65,16.0,5430914.0,8627.0,88820.11,16.35
17.05,17.4,16.45,9195521.0,13307.0,155001.68,16.55
16.75,16.75,16.1,2778049.0,3581.0,45295.94,16.15
16.1,16.2,15.75,2377989.0,2380.0,37866.04,15.9
16.0,16.2,15.75,2321921.0,2405.0,37097.67,15.8
15.85,16.1,15.7,2218613.0,4250.0,35225.1,15.75
15.85,16.3,15.8,3393791.0,4457.0,54616.86,16.15
16.35,16.4,15.65,3331406.0,3572.0,53355.84,15.85
15.95,16.2,15.45,3233332.0,4690.0,51007.91,15.95
16.05,16.3,15.8,2550336.0,4324.0,41052.42,16.15
16.3,16.35,15.8,3541270.0,5254.0,56695.74,15.9
15.95,16.3,15.75,4859818.0,9017.0,77801.99,16.05
16.05,16.35,15.8,2399869.0,3722.0,38608.43,16.0
16.0,16.1,15.65,2147903.0,2905.0,33957.06,15.7
15.75,15.9,15.3,4369853.0,8800.0,67708.77,15.4
15.55,15.7,15.4,1869391.0,3466.0,29109.01,15.55
15.65,15.65,14.35,8645813.0,14151.0,128839.86,14.5
14.8,14.8,14.0,3174516.0,7742.0,45127.39,14.1
14.3,14.3,13.5,5762291.0,12227.0,79547.76,13.65
13.75,13.9,13.5,3551770.0,6889.0,48633.64,13.55
13.7,13.8,13.2,3068051.0,6835.0,41325.07,13.35
13.35,13.35,12.6,5016433.0,8496.0,64139.07,12.65
12.75,12.8,12.05,3517120.0,6957.0,42828.78,12.1
12.2,12.45,12.0,3659507.0,6073.0,44755.42,12.3
12.3,13.0,12.25,4488592.0,6423.0,55834.54,12.6
12.65,12.7,12.35,2138893.0,3402.0,26698.11,12.4
12.6,12.75,12.3,3177048.0,5844.0,39322.46,12.35
12.4,12.75,12.4,1694824.0,2282.0,21364.6,12.6
12.75,13.15,12.6,2797394.0,6736.0,35991.64,12.85
12.8,12.95,12.55,2367520.0,5008.0,30125.72,12.7
12.9,13.75,12.8,4973583.0,8984.0,66889.06,13.65
13.8,13.8,13.25,2334701.0,5844.0,31394.77,13.55
13.55,14.65,13.55,10138653.0,16371.0,143414.47,13.9
14.05,14.05,13.3,4273601.0,7063.0,57898.93,13.4
13.45,13.8,13.35,3264593.0,7205.0,43992.2,13.4
13.45,13.65,13.25,3086058.0,4595.0,41415.56,13.35
13.4,13.5,13.1,2561058.0,4550.0,33986.79,13.15
13.4,13.75,13.15,5579946.0,9190.0,74859.84,13.25
13.3,13.4,13.0,2235159.0,5082.0,29508.19,13.15
13.15,13.3,12.7,2919356.0,4851.0,38126.26,12.95
13.0,13.1,12.65,1931062.0,3139.0,24783.29,12.8
12.95,13.15,12.7,2209785.0,5914.0,28619.25,12.9
13.0,13.1,12.5,6816284.0,12671.0,87023.2,12.65
12.65,12.7,12.25,2565210.0,4764.0,31943.96,12.4
12.5,13.0,12.0,5859566.0,9333.0,72993.99,12.45
12.35,13.0,12.1,9950906.0,14175.0,125198.84,12.65
12.7,13.2,12.6,10788707.0,15291.0,138737.16,12.7
12.8,12.8,12.3,3832999.0,7129.0,48162.75,12.35
12.4,12.65,12.15,2757639.0,5111.0,34040.09,12.2
12.25,12.3,11.8,7175764.0,8805.0,86383.6,12.1
12.2,12.3,11.75,5062587.0,10302.0,60406.2,11.95
11.8,11.85,11.5,2649847.0,5089.0,30852.63,11.6
11.75,12.1,11.55,2601213.0,3364.0,30542.83,11.8
11.9,12.0,11.75,1840992.0,3733.0,21879.84,11.85
11.9,11.9,11.5,1814551.0,2865.0,21103.28,11.55
11.6,11.7,11.15,2205443.0,4786.0,25211.57,11.35
11.3,11.5,11.2,1375806.0,2555.0,15614.37,11.35
11.35,11.45,11.1,2759022.0,4553.0,30942.62,11.15
11.2,11.4,11.1,2150519.0,3140.0,24198.89,11.2
11.25,11.35,11.1,2506736.0,4057.0,28051.08,11.15
11.25,11.35,11.15,1764389.0,2072.0,19883.95,11.25
11.3,11.65,11.15,2375834.0,3758.0,26972.39,11.3
12.2,12.25,11.8,9595859.0,13577.0,115408.44,11.85
12.05,12.05,11.5,1930416.0,3317.0,22688.69,11.6
11.7,11.7,11.2,2596879.0,4162.0,29530.03,11.3
11.15,11.45,11.1,1870429.0,3126.0,21122.55,11.35
11.45,11.6,11.25,1944921.0,2982.0,22137.53,11.35
11.45,11.45,11.25,1660528.0,3379.0,18790.67,11.3
11.3,11.35,11.1,1538710.0,1596.0,17225.15,11.2
11.15,11.25,10.9,1740057.0,2790.0,19239.81,10.95
11.1,11.15,9.0,4591845.0,9270.0,46596.53,10.15
10.35,10.35,9.4,2530743.0,4939.0,25113.42,9.9
10.05,10.4,9.85,2415220.0,4497.0,24302.13,10.2
10.25,10.65,9.95,1657229.0,3933.0,16909.68,10.3
10.3,10.4,10.05,960464.0,2914.0,9764.52,10.1
10.05,11.8,10.05,16382047.0,20170.0,182171.31,10.9
11.15,11.15,10.25,2857921.0,4487.0,30402.49,10.35
10.2,10.5,10.0,1881469.0,3215.0,19245.29,10.15
10.15,10.35,9.95,1057164.0,3637.0,10781.37,10.25
10.15,10.45,10.1,1403197.0,3355.0,14471.09,10.35
10.45,10.8,10.3,1772472.0,3510.0,18766.37,10.6
10.75,10.8,10.4,1340679.0,2545.0,14177.37,10.45
10.5,10.8,10.25,1958020.0,3880.0,20564.1,10.6
10.7,10.8,10.5,1439987.0,2420.0,15331.78,10.6
10.6,10.8,10.5,1677087.0,3333.0,17901.94,10.7
10.7,10.8,10.4,1016018.0,1950.0,10798.13,10.5
10.5,10.55,10.3,1282840.0,2653.0,13348.04,10.4
10.35,10.45,10.25,1124475.0,1789.0,11629.61,10.35
9.9,10.2,9.8,1313288.0,2862.0,13195.74,10.05
10.05,10.4,10.05,1285529.0,2295.0,13120.44,10.2
10.2,10.4,10.2,1421624.0,2032.0,14637.58,10.25
10.3,10.4,10.05,2285797.0,2117.0,23365.11,10.1
10.1,10.2,10.0,1372434.0,1641.0,13862.33,10.05
9.95,10.8,9.85,4175009.0,4623.0,43259.94,10.35
10.5,10.6,10.25,3791883.0,3975.0,39557.52,10.4
10.3,10.4,9.9,3978168.0,3946.0,40715.97,10.05
10.05,10.55,10.05,2795419.0,2935.0,28685.07,10.2
10.3,10.3,9.9,3116319.0,3172.0,31340.46,9.95
10.05,10.15,10.0,1311523.0,1269.0,13186.26,10.05
10.15,10.35,9.95,2957361.0,2433.0,29902.51,10.05
10.1,10.3,10.05,3891542.0,3182.0,39446.0,10.05
10.1,10.2,9.95,2122908.0,1735.0,21400.0,10.0
10.0,10.1,9.9,1809676.0,1982.0,18016.8,9.9
10.0,10.0,9.6,2866825.0,2876.0,28105.9,9.85
9.85,9.9,9.45,2865230.0,2473.0,27501.2,9.45
9.45,9.45,9.15,3303393.0,2780.0,30611.51,9.3
9.3,9.6,9.15,2716177.0,3607.0,25314.41,9.2
9.2,9.25,8.9,2767520.0,2571.0,25133.26,9.0
9.0,9.3,8.8,4084157.0,4460.0,36986.24,8.85
8.95,9.0,8.45,3153782.0,3443.0,27465.23,8.5
8.6,8.65,8.25,2223810.0,2408.0,18777.73,8.3
8.4,8.7,8.3,4217733.0,3209.0,35697.88,8.5
8.8,9.1,8.65,5985880.0,5982.0,53130.86,8.9
9.1,9.2,8.95,5199453.0,4123.0,47067.48,9.05
9.05,9.1,8.75,3747261.0,3998.0,33287.2,8.8
8.85,9.7,8.8,11113509.0,12725.0,104731.21,9.4
9.5,9.55,9.05,7443451.0,8558.0,69145.93,9.15
9.1,9.35,9.1,3583778.0,2951.0,33135.8,9.2
9.3,9.55,9.25,3021087.0,3710.0,28463.0,9.35
9.45,9.65,9.2,4095204.0,4513.0,38451.15,9.25
9.25,9.45,9.0,4803484.0,3531.0,44224.16,9.05
9.4,9.4,8.85,7349172.0,6299.0,67109.62,8.9
8.9,8.9,8.55,3317090.0,4817.0,28789.17,8.7
8.85,8.85,8.6,1437066.0,1457.0,12470.53,8.65
8.75,8.8,8.65,1831061.0,1440.0,15928.66,8.65
8.65,8.7,8.5,2812846.0,2556.0,24129.11,8.55
8.65,8.65,8.3,2299058.0,2244.0,19395.84,8.4
8.35,8.35,7.95,2324671.0,2451.0,18857.83,8.1
8.0,8.0,7.25,4077435.0,6042.0,31221.71,7.35
7.4,7.6,7.05,2670708.0,3974.0,19511.57,7.4
7.35,7.45,7.25,1524094.0,1291.0,11206.1,7.3
7.5,7.55,7.3,1498703.0,1228.0,11040.14,7.35
7.4,7.5,7.25,2515627.0,2063.0,18564.83,7.3
7.3,7.65,7.15,1741857.0,1877.0,12756.03,7.45
7.4,7.55,7.15,1536943.0,2529.0,11314.72,7.25
7.3,8.1,7.2,6029506.0,6862.0,46259.71,7.7
7.8,7.9,7.5,2879489.0,3983.0,22103.16,7.55
7.5,7.55,7.1,2176004.0,2426.0,15743.93,7.2
7.2,7.6,7.2,2719265.0,3155.0,20146.92,7.35
7.4,7.4,7.25,1505669.0,1449.0,11021.23,7.3
7.4,7.45,7.3,1041078.0,1104.0,7686.65,7.35
7.35,7.4,7.2,682614.0,888.0,5004.8,7.35
7.3,7.6,7.3,2084055.0,1795.0,15482.72,7.45
7.5,7.5,7.35,719679.0,658.0,5331.66,7.4
7.4,7.55,7.35,1372154.0,1087.0,10236.94,7.5
7.5,7.6,7.3,1039440.0,1887.0,7714.03,7.35
7.45,7.55,7.3,3409328.0,2847.0,25256.31,7.45
7.45,7.6,7.35,1613961.0,1744.0,12128.14,7.55
7.55,7.8,7.4,1786319.0,1618.0,13532.52,7.45
7.5,7.6,7.35,857244.0,933.0,6402.02,7.45
7.5,7.55,7.4,858686.0,1017.0,6394.53,7.4
7.5,8.0,7.4,3980869.0,4493.0,31174.3,7.7
7.5,7.75,7.3,3979933.0,3806.0,29835.41,7.45
7.55,7.85,7.2,4953239.0,4861.0,36666.46,7.2
7.35,7.5,7.25,2984023.0,2085.0,22024.68,7.35
7.5,7.6,7.45,1927754.0,1654.0,14554.84,7.55
7.6,8.7,7.55,9623425.0,11154.0,78190.94,8.55
8.65,10.2,8.6,21162205.0,25871.0,206280.3,10.1
10.6,11.05,10.35,20631174.0,20785.0,222834.65,10.95
11.2,11.85,11.1,14703237.0,19011.0,168958.88,11.5
11.6,11.9,10.55,7745226.0,10464.0,85502.4,10.75
10.75,11.25,10.15,10392523.0,12069.0,111660.97,11.05
11.1,11.35,10.9,4859594.0,5985.0,54056.96,10.95
10.95,11.15,10.6,4485679.0,5633.0,48776.77,10.65
10.75,10.8,10.55,3202389.0,6141.0,34253.23,10.65
10.75,11.1,10.75,3132539.0,3842.0,34106.27,10.8
10.9,11.8,10.8,11784984.0,10719.0,134442.52,11.45
11.7,12.45,11.65,18620993.0,15969.0,226066.93,12.15
12.5,12.75,12.05,13934320.0,12055.0,174084.29,12.4
12.35,12.45,11.7,5118210.0,6092.0,61148.89,11.85
11.9,12.35,11.75,6685563.0,7107.0,80432.89,12.0
12.15,12.15,11.6,3736882.0,3890.0,44159.48,11.75
11.8,12.05,11.7,3536030.0,3784.0,41935.62,11.75
11.9,11.95,11.3,2969538.0,3476.0,34509.51,11.45
11.6,11.7,11.15,3447064.0,4642.0,39225.81,11.45
11.6,11.95,11.6,3286234.0,3234.0,38719.9,11.8
11.85,12.05,11.5,3378954.0,4145.0,39861.86,11.6
11.7,11.7,11.1,2553752.0,2743.0,28771.87,11.15
11.2,11.4,11.1,2978473.0,3788.0,33514.6,11.25
10.9,11.95,10.45,5193451.0,5079.0,60198.45,11.85
11.65,12.0,11.35,2700693.0,2828.0,31265.48,11.4
11.25,11.5,11.2,792678.0,1128.0,9072.39,11.45
11.4,12.4,11.1,10294932.0,11654.0,122731.37,12.25
12.4,13.75,12.35,23697639.0,24091.0,315693.95,13.5
14.1,16.2,14.1,59783257.0,49715.0,920184.47,16.05
16.25,17.8,16.25,61789287.0,55939.0,1053799.87,17.35
17.45,18.05,15.65,38938015.0,32113.0,634654.13,15.65
15.4,16.45,15.0,25238680.0,20844.0,396259.62,15.5
15.5,15.95,15.2,10532934.0,8691.0,164645.65,15.35
15.4,15.8,14.55,21957339.0,16939.0,336409.76,15.3
15.35,15.35,14.8,8936961.0,9331.0,134367.64,14.9
14.9,15.2,14.5,8396232.0,8261.0,124030.68,14.55
14.7,14.95,13.1,13576668.0,15597.0,188760.47,13.1
13.0,13.25,12.15,21544888.0,20757.0,272500.47,12.5
12.6,13.2,12.55,25244837.0,18460.0,325880.34,12.8
12.95,13.05,12.65,8733917.0,9280.0,112397.31,12.7
12.6,12.75,12.2,10874978.0,10409.0,135389.34,12.3
12.55,12.7,12.4,5384060.0,4171.0,67693.31,12.5
12.5,12.85,12.2,5065081.0,5492.0,63740.58,12.3
12.35,12.45,11.7,5181765.0,4306.0,61562.97,11.7
12.0,12.25,11.65,5796337.0,6804.0,69761.91,12.15
12.3,12.3,11.65,3755522.0,4830.0,44593.49,11.8
11.75,12.2,11.6,3512458.0,4434.0,42220.9,12.0
12.0,12.6,11.9,3460755.0,4629.0,42394.54,12.6
12.85,13.2,12.75,8799295.0,9619.0,114468.05,12.85
12.9,13.05,12.75,3670053.0,3559.0,47413.82,12.95
12.95,12.95,12.55,3281219.0,4204.0,41960.78,12.65
12.6,12.8,12.45,1998605.0,1937.0,25355.91,12.65
12.65,13.25,12.5,9541139.0,5556.0,124458.53,12.95
13.1,13.15,12.55,5034807.0,3633.0,64468.51,12.6
12.75,12.75,12.5,3318719.0,3406.0,41839.73,12.6
12.65,12.75,12.55,1718916.0,2050.0,21694.24,12.6
12.65,13.0,12.55,2695747.0,4062.0,34309.52,12.6
12.7,13.0,12.6,2569119.0,3174.0,32790.39,12.7
12.7,12.95,12.7,2345089.0,2752.0,30040.21,12.8
12.85,13.85,12.75,7159825.0,9721.0,96636.55,13.7
13.9,14.6,13.9,10926650.0,14235.0,155253.99,14.3
14.4,14.6,13.9,4551813.0,5365.0,64331.9,14.05
14.5,14.95,14.4,10297817.0,12419.0,151574.67,14.55
14.5,14.5,13.7,6307502.0,8960.0,87960.9,13.75
14.0,14.9,13.85,14091342.0,15133.0,203560.38,14.75
14.45,15.25,14.2,15061563.0,15987.0,224480.72,15.0
15.2,15.4,14.4,10235012.0,11005.0,152449.07,14.75
14.9,15.15,13.35,13427445.0,15541.0,192753.76,14.55
14.0,14.55,13.6,8956620.0,10640.0,126188.05,13.95
14.25,14.45,12.95,8301830.0,8867.0,115274.73,13.1
12.7,13.45,12.35,7072057.0,8818.0,90111.44,12.55
13.0,13.2,12.65,3981661.0,5454.0,51410.37,12.95
12.7,12.8,11.95,5446213.0,5001.0,67575.07,12.2
12.35,12.6,11.35,7820048.0,7630.0,92264.77,11.55
11.9,12.3,11.7,4715496.0,5918.0,57174.28,12.25
12.4,12.6,12.1,2938368.0,2919.0,36420.53,12.15
12.25,12.35,12.0,3038519.0,3052.0,36854.61,12.1
12.1,12.25,11.9,1853624.0,2087.0,22378.66,11.95
12.05,12.35,11.95,2850037.0,3952.0,34592.03,12.2
12.25,12.7,12.1,3643581.0,3548.0,45459.21,12.45
12.6,12.75,12.1,3034995.0,3513.0,37884.73,12.15
12.0,12.05,11.65,2902251.0,3202.0,34294.89,11.75
11.75,12.1,11.2,2200558.0,2980.0,25641.2,11.4
11.5,11.9,11.4,2426983.0,3323.0,28301.13,11.75
12.0,12.25,11.8,2517278.0,3300.0,30203.32,12.05
11.95,12.7,11.8,6731551.0,9399.0,83210.06,12.25
12.35,12.4,11.65,3098516.0,3739.0,36966.74,11.75
12.1,12.1,11.7,2276252.0,11.85,269.73,11.75
11.95,12.2,11.8,3225952.0,11.9,387.88,11.85
11.35,12.0,11.25,4750812.0,11.8,560.89,11.8
11.35,11.55,11.2,1673662.0,11.2,189.84,11.25
11.25,11.4,11.1,1177976.0,11.15,132.08,11.15
11.35,11.4,10.95,2035641.0,11.25,228.04,11.2
11.4,11.75,11.25,3460168.0,11.3,397.57,11.35
11.4,11.4,10.6,3299230.0,11.05,361.21,11.1
11.7,11.8,11.2,2989100.0,11.25,344.62,11.35
11.1,11.5,11.05,1643754.0,11.4,186.12,11.4