191.1,193.85,186.4,4199317.0,41420.0,796424.53,187.95
188.55,190.3,185.6,3461191.0,24528.0,652040.72,188.8
190.0,190.4,185.6,3055501.0,45364.0,571610.31,187.5
188.5,191.4,187.0,5128906.0,61655.0,971319.3,188.85
188.6,190.3,184.45,3405463.0,41333.0,637227.79,189.6
190.0,191.2,187.3,2585067.0,16647.0,488397.78,188.7
187.0,191.3,186.55,4961885.0,58001.0,941205.71,189.25
189.35,190.75,185.45,5033616.0,41703.0,938607.67,186.15
185.6,186.9,183.85,3558526.0,31524.0,659337.48,185.25
185.1,187.1,185.05,3537895.0,30069.0,658326.07,186.0
184.35,186.5,183.3,2493006.0,26060.0,459670.46,183.9
184.6,185.25,178.35,5719241.0,64987.0,1031989.4,179.45
179.5,179.5,173.65,10167943.0,69312.0,1779996.16,175.0
175.0,178.6,175.0,5810756.0,78450.0,1030469.6,177.65
176.65,176.8,173.55,2674418.0,24134.0,467807.43,174.45
174.05,183.5,174.05,5294363.0,68726.0,953445.3,182.5
183.45,184.7,180.4,4617505.0,45979.0,843703.54,182.45
183.0,188.1,183.0,4449343.0,34866.0,827797.69,186.3
186.75,189.0,183.55,6636288.0,64221.0,1236705.6,186.3
185.5,187.3,183.0,3371644.0,34333.0,622156.88,183.95
183.8,183.8,176.55,4372059.0,42174.0,784669.63,177.8
176.0,179.8,174.8,4640516.0,39024.0,821582.05,175.75
176.1,178.7,171.9,3681904.0,49235.0,646273.87,172.8
170.0,172.8,168.85,4959282.0,46632.0,847231.05,171.5
173.1,175.0,170.65,6313120.0,96955.0,1089283.6,172.5
173.85,177.9,172.0,6858937.0,84992.0,1208569.23,175.85
174.75,177.25,172.0,2576985.0,40632.0,449247.2,172.8
173.25,179.0,173.25,6101744.0,60960.0,1078247.96,175.9
175.6,176.0,174.75,281466.0,2583.0,49338.67,175.35
176.15,179.45,174.9,3413597.0,39380.0,606476.11,178.35
177.5,179.7,174.5,4180180.0,48822.0,737708.0,175.05
176.3,184.7,176.3,11598421.0,87673.0,2098792.78,182.45
181.75,183.5,179.55,7543603.0,71901.0,1365978.26,180.45
181.2,184.35,180.2,5226799.0,76365.0,954744.47,182.95
183.15,189.35,181.7,9382685.0,126184.0,1748707.17,188.55
189.05,193.9,185.8,9618765.0,79087.0,1835817.82,192.4
192.55,193.7,187.85,5428928.0,83976.0,1031098.46,189.3
190.1,193.7,187.4,6996668.0,86821.0,1337547.76,190.65
190.25,191.65,188.1,4771096.0,68553.0,906628.6,190.1
189.9,195.2,189.4,6763972.0,78880.0,1303804.61,194.4
195.8,198.5,194.5,9655102.0,70075.0,1896476.5,197.65
198.65,202.4,195.5,9601659.0,67549.0,1917809.97,198.3
195.8,200.45,193.45,7637477.0,80104.0,1504968.88,196.05
196.3,198.95,188.0,4792316.0,50857.0,921625.8,189.9
189.45,193.05,186.45,3858871.0,43034.0,733750.76,190.1
190.3,193.5,189.85,4937073.0,39521.0,947586.89,192.7
194.0,207.0,193.95,13218506.0,88542.0,2666004.9,201.65
201.5,201.7,193.05,10760035.0,87669.0,2118076.02,193.65
193.35,194.7,191.5,10456847.0,46843.0,2016685.67,192.55
192.05,194.45,189.8,12421594.0,80499.0,2389527.36,193.55
194.0,196.5,192.8,3664279.0,39139.0,713267.3,193.15
193.75,195.65,188.5,7188246.0,60776.0,1382015.54,190.6
191.0,191.4,182.2,8302988.0,62978.0,1544202.78,185.35
187.0,187.4,179.65,4723862.0,48258.0,861774.03,180.55
178.8,183.45,178.55,4486063.0,68221.0,813140.18,180.4
179.85,182.5,178.8,3679524.0,28782.0,663665.96,180.05
180.5,181.25,178.0,2915777.0,28031.0,523996.63,178.75
180.4,181.5,178.15,4545744.0,36612.0,818038.02,180.0
178.55,184.0,178.2,9964154.0,70828.0,1803886.06,183.4
183.7,190.45,183.05,9682372.0,64427.0,1809877.83,189.5
192.0,197.9,191.0,11756743.0,80179.0,2284278.04,192.95
194.0,199.0,192.05,9342528.0,70601.0,1822240.48,197.15
198.9,200.4,192.15,6312101.0,48260.0,1238148.05,193.6
198.0,218.85,197.3,27704661.0,160414.0,5842998.99,214.95
219.7,230.0,219.05,18031988.0,163185.0,4065183.54,227.75
229.95,247.45,228.85,26350736.0,207596.0,6331480.56,245.75
249.2,250.8,235.5,19190909.0,132266.0,4713485.11,249.2
251.45,261.35,251.0,14712006.0,125452.0,3790064.65,259.05
260.9,271.0,260.85,9627153.0,98156.0,2578005.97,268.35
271.0,281.35,268.6,19667620.0,127807.0,5397320.78,279.2
281.5,281.65,263.2,11599055.0,140542.0,3160799.63,276.6
276.75,278.75,269.65,10581359.0,91943.0,2908277.44,276.45
280.1,280.4,267.35,20491690.0,117648.0,5604225.1,275.5
276.55,285.0,272.55,19196652.0,103242.0,5351754.33,280.45
280.95,281.9,275.6,5099749.0,38999.0,1422075.35,280.0
282.0,299.5,281.9,14785369.0,112660.0,4323197.93,297.95
298.7,298.9,293.25,9910224.0,73977.0,2927629.28,295.3
295.8,316.0,295.1,16927746.0,126833.0,5258898.76,314.5
316.95,318.3,303.2,14590329.0,138486.0,4488953.08,306.6
309.45,312.85,306.5,6786946.0,71095.0,2101243.07,307.9
310.9,310.9,292.1,10615701.0,104559.0,3167314.76,300.5
299.8,300.9,288.0,8379958.0,82216.0,2466329.21,294.8
294.8,298.2,288.1,4780569.0,55798.0,1407636.44,292.5
293.0,296.3,284.2,5194450.0,37500.0,1502813.12,289.6
289.6,295.5,283.0,7364638.0,55020.0,2138283.02,290.1
289.5,301.4,288.7,9072421.0,77655.0,2660616.28,297.3
298.5,304.7,290.15,9444721.0,120311.0,2821929.23,297.45
298.25,302.3,293.2,7700112.0,60479.0,2284102.03,295.05
292.4,297.5,290.15,6430575.0,40289.0,1884792.73,291.85
291.45,299.4,290.8,5559049.0,58103.0,1646770.08,296.85
298.0,303.6,295.2,4785999.0,44598.0,1438725.19,298.65
298.0,301.95,295.35,3100458.0,36833.0,923175.55,296.4
297.85,298.8,292.0,7818457.0,48605.0,2298569.39,294.2
294.0,295.85,288.75,3839309.0,32422.0,1116466.16,289.35
289.35,293.8,289.35,2851502.0,27437.0,833372.96,292.35
292.55,301.0,292.55,4125066.0,34500.0,1230522.69,296.2
300.95,311.7,299.0,12138207.0,96900.0,3719321.56,310.1
312.35,316.5,309.6,9072538.0,94352.0,2843298.44,310.6
310.5,310.7,304.0,3475272.0,27350.0,1065947.02,305.0
306.0,310.4,304.6,6099675.0,42662.0,1873705.1,307.65
310.4,310.6,291.2,12580287.0,123914.0,3751706.43,296.3
296.0,296.3,288.3,11308850.0,94202.0,3306827.97,294.4
295.3,304.65,282.25,5487478.0,65059.0,1613278.91,294.4
294.25,295.2,284.9,13539161.0,58647.0,3928827.36,292.45
293.95,293.95,283.3,14543780.0,94659.0,4187204.03,289.05
289.8,290.5,280.8,6283231.0,61562.0,1799129.04,288.5
288.45,299.55,283.0,6043715.0,55243.0,1759091.17,296.75
298.05,303.5,296.05,9048706.0,69732.0,2719062.73,302.2
299.95,302.2,296.6,3628568.0,38253.0,1087146.77,298.8
299.0,301.35,293.05,2683879.0,26770.0,797463.49,295.05
296.0,299.6,292.9,3548125.0,31799.0,1052314.34,297.25
298.2,299.4,294.1,3046687.0,30187.0,902811.31,295.6
295.2,302.65,291.65,4738975.0,49580.0,1413711.65,298.15
298.0,298.25,287.8,3585958.0,33843.0,1047282.38,292.3
292.15,294.2,287.15,2428055.0,21457.0,704905.3,290.15
284.8,293.95,277.5,6753513.0,64501.0,1920192.87,291.95
293.45,298.35,289.3,8769319.0,72045.0,2560556.94,290.25
287.4,289.1,280.3,7143193.0,57438.0,2028952.27,281.9
280.35,292.1,280.35,3753638.0,39395.0,1075892.69,289.55
291.9,295.75,285.9,3772858.0,42120.0,1095824.4,294.9
292.5,295.65,287.0,3770313.0,28882.0,1099782.89,288.55
288.9,290.45,283.4,5589017.0,46517.0,1605259.59,284.65
281.55,281.8,267.0,8824158.0,83329.0,2408737.2,267.8
271.6,277.2,270.2,8673449.0,44236.0,2370350.69,275.4
278.7,279.6,273.3,3034654.0,49838.0,838975.61,278.35
276.0,283.3,275.75,6050752.0,61382.0,1694318.53,281.55
279.4,291.75,279.25,5283070.0,68108.0,1517552.86,289.5
287.95,294.8,286.8,3719494.0,44026.0,1085555.27,293.2
299.0,305.5,295.35,7755009.0,71338.0,2328563.51,296.85
296.0,299.35,294.2,3073890.0,32670.0,910518.82,295.0
291.0,293.45,288.7,3360184.0,37375.0,976461.64,289.85
289.25,296.35,289.1,3419861.0,42502.0,1001023.46,291.7
290.8,293.3,278.6,3637744.0,35921.0,1038659.29,280.05
275.0,283.2,273.0,5216689.0,41133.0,1455035.21,280.9
281.2,283.45,275.0,2586811.0,29149.0,719800.78,276.4
274.55,281.7,274.55,7899271.0,49336.0,2197640.79,277.15
278.9,285.0,272.65,4885417.0,46914.0,1364612.76,283.25
282.3,284.05,276.7,4323636.0,32621.0,1204774.58,277.8
277.0,283.3,277.0,4744227.0,49920.0,1331535.93,280.15
278.1,281.45,276.0,2247325.0,30519.0,625739.31,278.45
276.15,282.8,276.15,3771572.0,28440.0,1055215.32,281.5
284.3,285.8,281.7,3098515.0,25294.0,880464.71,284.45
283.0,283.85,279.25,3610893.0,29814.0,1015272.97,281.8
279.0,287.15,277.95,3270474.0,42171.0,932019.66,286.2
287.25,289.9,283.8,4418024.0,57574.0,1265471.19,286.65
285.2,291.35,285.2,5848332.0,56619.0,1688374.91,290.3
288.0,289.4,285.5,3824139.0,57512.0,1097358.88,286.5
283.85,286.9,280.1,8183475.0,69000.0,2322400.2,285.05
288.6,289.15,274.5,5717444.0,70983.0,1610544.08,284.6
282.5,288.35,282.05,4220101.0,37060.0,1202848.94,284.8
285.0,286.8,282.4,10092006.0,93282.0,2868886.57,284.8
281.95,284.4,277.05,6536717.0,44357.0,1840887.86,283.25
282.7,284.4,278.8,6298415.0,47487.0,1769990.11,280.35
279.2,286.0,276.35,4465675.0,47005.0,1251606.65,281.6
283.1,283.75,270.0,12153544.0,68499.0,3334107.84,273.2
271.4,276.1,267.1,3173230.0,48428.0,860992.45,274.95
274.5,274.8,269.2,1852843.0,38122.0,504091.18,270.65
269.1,279.2,266.15,4663762.0,40306.0,1274215.25,272.5
273.3,276.4,269.75,3735666.0,42451.0,1014715.57,270.9
269.8,271.85,257.45,6614601.0,102957.0,1742214.77,258.5
255.0,259.05,249.6,5955371.0,52969.0,1521961.75,257.2
259.0,262.85,257.6,3510810.0,37350.0,916412.43,261.85
259.3,259.3,248.1,7340320.0,65301.0,1855788.89,249.75
247.3,251.4,244.55,4036541.0,78405.0,1004955.28,249.85
251.05,254.25,218.9,22764225.0,168578.0,5451791.65,249.55
245.05,248.8,237.2,5968437.0,69211.0,1446360.21,239.15
238.5,238.95,231.2,5708900.0,51667.0,1337011.15,232.65
236.0,241.25,232.75,2869114.0,31382.0,679539.7,237.65
241.9,253.5,241.9,5701296.0,47147.0,1414172.3,248.5
251.6,252.95,246.6,2978808.0,26158.0,743516.32,249.75
250.6,250.85,245.7,267262.0,2819.0,66423.76,248.85
250.6,254.15,247.1,3352710.0,28805.0,840708.05,249.05
247.55,252.45,247.3,2669768.0,24466.0,667761.03,250.65
251.45,256.75,247.4,7317308.0,62322.0,1845317.03,255.35
254.8,256.5,251.75,6862710.0,50593.0,1743228.45,253.05
252.5,259.25,251.75,4954188.0,55586.0,1268439.62,255.95
256.8,263.45,255.7,4000656.0,39315.0,1043100.16,262.25
263.9,263.9,250.0,4703921.0,51294.0,1192188.6,250.85
250.05,253.5,244.55,4695646.0,40969.0,1162268.42,246.1
248.8,250.3,242.55,2505331.0,44167.0,614717.71,245.15
245.2,249.65,243.2,3345193.0,30771.0,821268.27,244.25
244.1,247.9,239.0,2986169.0,35844.0,729076.3,241.75
244.0,244.7,234.25,3460925.0,39498.0,827083.79,235.5
235.8,242.7,232.7,4144706.0,53555.0,988089.47,240.15
238.7,240.85,235.6,2556034.0,25986.0,608092.73,237.95
236.45,248.75,236.45,5616842.0,53126.0,1375822.92,246.95
248.2,251.35,239.1,4696558.0,63007.0,1154780.54,240.4
239.9,241.0,232.5,3612900.0,39266.0,852664.98,234.6
235.8,239.4,233.05,2873728.0,29922.0,679341.93,237.6
241.0,245.25,234.6,6214657.0,67509.0,1489957.31,235.8
237.0,237.95,229.85,4096304.0,38917.0,957852.45,235.4
236.1,242.45,235.0,2574466.0,29473.0,615948.57,241.1
242.45,242.75,237.2,3852103.0,26647.0,918782.72,238.35
236.4,240.6,230.15,5894993.0,58606.0,1381929.52,231.35
229.0,233.35,225.05,5478891.0,54929.0,1249314.98,226.7
225.2,232.6,225.2,3727905.0,44850.0,856491.8,229.05
229.5,236.3,226.4,5673110.0,47914.0,1313713.66,230.85
232.95,240.7,230.5,6356364.0,65251.0,1499377.4,237.15
238.85,245.95,237.9,7157646.0,71409.0,1736775.55,241.75
238.0,241.4,232.05,3618514.0,43779.0,855299.47,232.75
230.4,233.2,218.8,5279677.0,66209.0,1185306.99,220.75
220.0,225.8,219.1,3233610.0,35806.0,722094.18,222.6
223.0,224.9,218.1,3337552.0,40590.0,739269.9,221.95
221.45,222.6,214.55,5191405.0,72291.0,1128649.87,215.9
212.9,215.0,209.0,4052680.0,39054.0,856905.92,209.9
207.8,208.0,190.1,8664282.0,69880.0,1716841.68,193.6
194.1,202.25,191.15,8381762.0,103785.0,1659684.48,200.9
205.1,208.9,200.8,5634219.0,56010.0,1153367.81,203.75
206.1,211.4,205.8,4383683.0,47532.0,915747.95,208.25
213.75,216.8,205.4,5477007.0,40773.0,1152277.89,210.85
210.05,211.4,202.2,2957550.0,26581.0,609257.44,204.25
205.9,208.35,201.45,4625287.0,30027.0,947498.06,205.35
204.6,208.85,202.5,2103838.0,22490.0,433971.22,207.5
209.25,217.4,209.2,4173325.0,41933.0,898445.54,215.3
216.0,216.0,211.1,2114602.0,27141.0,448967.29,212.35
213.6,215.35,211.7,1973680.0,21341.0,422604.58,214.5
213.7,219.7,212.2,2304326.0,20209.0,501431.06,219.25
219.35,224.45,219.35,3270358.0,25451.0,727194.68,222.3
222.5,225.3,218.1,3512083.0,38682.0,781305.03,219.8
217.95,219.5,206.75,6095798.0,59858.0,1297477.69,209.05
209.0,211.85,204.15,3410940.0,39286.0,709536.0,209.0
211.3,212.65,205.55,3956233.0,42937.0,826610.82,210.5
213.9,213.9,206.6,2842333.0,40053.0,594738.94,207.8
207.05,208.0,204.25,2641823.0,25474.0,543615.36,206.25
207.0,209.0,203.3,4640762.0,66108.0,959810.43,204.6
202.0,203.0,185.85,10865065.0,102471.0,2099935.67,188.1
188.5,192.5,186.5,7275654.0,62258.0,1383330.24,189.7
191.6,194.9,190.0,6323218.0,68810.0,1220315.98,193.25
195.0,195.95,192.05,2577634.0,45500.0,499266.54,193.15
193.5,205.0,192.6,7450225.0,114782.0,1495147.96,204.15
205.4,206.0,196.55,5341348.0,68054.0,1066634.68,199.65
203.8,206.8,198.6,6966585.0,52580.0,1405169.51,201.1
203.5,206.7,200.4,5078703.0,49715.0,1035217.38,205.4
204.8,208.15,201.8,4559087.0,52900.0,934308.65,207.3
206.25,206.95,198.45,3755411.0,40841.0,760738.58,201.15
199.5,203.9,196.4,10159523.0,107897.0,2031562.76,201.45
203.0,204.8,196.45,5627736.0,74095.0,1129872.93,201.95
199.5,205.0,197.55,3557339.0,40569.0,713006.38,198.2
201.0,212.0,198.2,7921272.0,78244.0,1635255.27,210.7
212.05,219.6,210.7,7754951.0,68553.0,1680302.35,216.6
215.0,215.65,206.55,2866989.0,45820.0,606172.73,207.8
207.5,213.4,206.55,3334756.0,29777.0,701141.67,210.6
208.5,210.0,198.6,2464805.0,30369.0,504489.52,200.8
200.55,207.4,199.55,2110708.0,22133.0,432242.96,206.35
206.0,211.6,202.0,2673304.0,27815.0,552059.24,208.25
208.9,215.2,204.6,3097817.0,27573.0,649683.13,212.65
213.25,215.9,211.0,2306202.0,22504.0,492953.97,212.2
215.05,217.65,210.65,2958982.0,32672.0,633609.83,211.55
210.0,210.0,203.75,2482108.0,20674.0,512909.44,205.2
204.95,224.75,203.3,7692286.0,57834.0,1656338.23,219.05
221.9,223.05,215.35,6158735.0,54980.0,1352098.41,217.3
218.5,224.9,217.85,6338461.0,72576.0,1405139.79,219.55
219.45,219.55,210.5,2852143.0,25854.0,609102.93,211.35
212.55,215.75,209.0,2562115.0,29142.0,545592.33,210.75
214.05,215.2,207.0,4487966.0,34117.0,943356.86,208.25
210.7,218.4,210.6,4081526.0,54269.0,878999.2,217.2
219.25,222.25,212.7,3322034.0,27912.0,721522.0,217.6
218.85,219.9,213.5,3243963.0,46658.0,703416.92,218.2
219.0,222.85,217.6,2607810.0,29679.0,575026.02,222.05
225.0,225.0,211.0,3312882.0,45473.0,720672.29,212.4
212.65,215.5,208.75,3805233.0,34393.0,807229.72,210.15
208.5,208.5,197.6,3849212.0,40493.0,776413.91,199.1
197.9,199.5,194.3,3249275.0,34830.0,640777.73,197.6
198.0,198.55,192.0,2900359.0,31331.0,563651.61,192.7
194.65,202.5,194.0,4152207.0,44425.0,823110.89,200.6
202.1,203.5,195.15,3166012.0,35760.0,628134.29,195.9
195.7,195.7,184.75,5329301.0,54259.0,999082.28,185.5
187.0,194.8,186.4,6331648.0,48702.0,1205500.55,192.9
199.45,202.0,192.15,6723848.0,66383.0,1326518.82,193.95
195.65,197.85,190.5,3789625.0,40141.0,738519.96,191.5
192.3,193.5,187.0,5985299.0,51209.0,1133475.48,187.85
193.3,194.0,185.0,4809495.0,46456.0,908794.64,190.95
191.55,195.5,190.2,3999910.0,37333.0,774552.12,193.85
194.0,197.5,190.85,2751114.0,22823.0,535022.96,196.8
195.0,195.85,186.85,3772877.0,33836.0,716996.41,188.3
190.0,192.4,183.75,4884993.0,55219.0,918494.05,188.4
191.0,191.5,185.5,2370764.0,24039.0,447332.98,189.15
190.7,196.0,188.6,5909964.0,68013.0,1133509.86,189.5
190.8,191.9,187.2,2895471.0,31792.0,548712.23,190.15
190.9,192.4,187.5,2195394.0,23164.0,417065.72,191.5
192.75,198.8,189.65,5056071.0,36045.0,983158.85,197.75
197.0,197.4,192.5,3773503.0,33080.0,730859.28,193.6
195.0,196.0,191.75,3687672.0,38593.0,713522.96,194.65
194.85,203.5,194.3,5633668.0,60600.0,1123420.53,202.35
201.65,202.35,198.0,2956701.0,22546.0,592393.56,200.55
200.55,209.4,200.0,4696238.0,44816.0,967911.29,206.25
207.35,207.8,200.1,4517705.0,38032.0,920052.56,204.1
204.0,212.9,201.85,5362972.0,47715.0,1126736.23,211.25
210.2,211.0,206.2,4437336.0,26998.0,924680.26,207.9
208.5,217.0,204.05,6374704.0,60743.0,1341975.59,211.1
211.2,211.85,205.85,4555727.0,31069.0,955874.96,211.0
212.0,216.0,209.9,4473008.0,33714.0,950280.36,211.5
210.0,212.8,203.3,3967076.0,33498.0,818813.12,204.9
205.9,211.0,204.4,4253266.0,40893.0,890682.93,210.0
208.4,214.25,206.0,4272604.0,34744.0,900249.73,211.9
208.85,209.05,202.6,6810716.0,49687.0,1401334.23,207.05
203.95,211.4,202.0,6871842.0,41850.0,1432360.49,209.85
212.0,215.55,209.75,4478102.0,36107.0,951866.05,212.4
212.0,228.4,210.05,9398916.0,69718.0,2091987.16,226.7
226.0,229.4,216.0,6674219.0,65135.0,1473822.79,220.15
218.4,224.0,215.6,4077485.0,23663.0,895365.46,218.15
220.0,221.8,214.1,2699329.0,20842.0,586515.73,217.95
222.0,233.4,217.75,7737382.0,113876.0,1763666.05,230.3
229.85,229.9,217.1,4292646.0,39314.0,944026.2,218.25
221.85,221.85,210.45,4720436.0,37188.0,1020279.77,218.15
217.0,217.9,212.5,3139029.0,40706.0,674104.83,214.75
215.7,217.9,208.2,2725616.0,28335.0,577809.37,210.35
210.75,213.6,206.4,1999025.0,24602.0,421760.22,211.15
210.7,219.85,209.7,4979544.0,54435.0,1077786.39,215.05
214.15,216.85,213.9,2333117.0,28106.0,503091.24,216.05
216.65,216.85,208.0,3225685.0,24533.0,676641.11,209.0
209.0,209.0,205.0,3921859.0,29942.0,809170.56,206.2
206.0,206.0,198.7,2206795.0,23391.0,445360.66,199.4
201.7,202.8,194.3,4827801.0,44393.0,960204.18,195.1
194.6,194.7,190.5,4761365.0,40916.0,915563.22,191.6
192.7,198.4,191.6,6024108.0,41229.0,1177932.78,196.75
196.2,204.0,192.8,29940793.0,111852.0,5869908.84,196.45
198.0,201.65,196.4,2477571.0,19814.0,491780.79,197.7
197.0,198.0,193.6,2171286.0,24999.0,423818.86,194.75
194.75,195.5,185.05,2981326.0,36058.0,564319.82,188.3
190.0,191.8,180.2,4567486.0,49570.0,840999.42,184.2
183.55,186.95,181.45,4560330.0,82685.0,839561.71,182.8
183.4,184.45,175.6,4278582.0,38349.0,763512.63,177.05
179.75,184.3,177.4,5165712.0,42339.0,937621.69,182.55
181.85,187.8,179.3,5136459.0,40732.0,944394.97,185.0
186.55,190.95,181.85,8432192.0,87586.0,1581734.2,188.0
186.7,187.4,181.55,3941272.0,28654.0,724542.02,183.8
187.5,188.8,180.1,7462050.0,54335.0,1371003.37,181.35
181.4,181.9,175.75,3176232.0,26653.0,567384.87,178.5
178.8,178.8,172.0,7092962.0,69900.0,1236213.12,172.65
172.65,175.3,172.65,2255568.0,21834.0,392112.53,173.2
174.1,176.95,170.7,6224570.0,35757.0,1083925.16,174.85
175.5,177.9,175.0,2570414.0,18867.0,453933.74,176.55
176.6,179.35,174.9,2791893.0,23693.0,495040.06,176.45
177.0,179.25,175.15,2851034.0,27332.0,505499.38,176.1
176.0,182.15,175.0,12070351.0,49757.0,2170742.58,179.6
179.0,179.7,174.0,3068972.0,21452.0,539251.36,174.85
172.9,173.8,169.5,2573132.0,22926.0,440881.64,172.7
172.7,175.0,170.6,4054019.0,33002.0,703309.28,174.15
174.1,177.5,173.1,2149264.0,22460.0,377920.45,176.0
175.8,176.0,172.55,3188390.0,49770.0,555410.84,173.55
174.0,174.75,170.1,1926562.0,18392.0,331220.22,170.55
167.5,167.5,159.3,5858932.0,49593.0,952872.85,163.4
163.0,163.35,158.25,6155403.0,73251.0,985710.87,158.55
155.0,155.2,138.75,26911621.0,178262.0,3919898.28,145.7
144.6,146.95,137.85,17018339.0,88397.0,2421973.63,138.9
140.15,146.95,140.1,9752563.0,87947.0,1406052.11,146.2
144.8,148.85,142.7,6710962.0,46834.0,980809.69,147.55
147.55,148.2,144.95,2846630.0,19705.0,416060.8,145.25
145.1,146.95,144.8,2303487.0,18454.0,335932.85,145.5
145.5,146.35,143.05,2583215.0,24226.0,372487.88,143.65
144.0,147.15,142.6,2961831.0,25211.0,430219.41,145.55
145.9,146.5,142.7,2126654.0,22033.0,307213.42,143.2
142.0,142.35,135.8,4529027.0,43156.0,627047.13,136.35
134.95,137.4,130.1,8309473.0,74778.0,1111255.96,136.1
131.9,138.8,131.75,6953507.0,59223.0,944764.71,135.5
134.85,135.6,132.0,3715381.0,49624.0,496780.91,132.45
131.9,133.4,128.0,4123728.0,43921.0,536107.46,128.5
128.75,129.8,126.3,3862047.0,47287.0,495688.9,128.65
130.45,132.95,127.0,6277369.0,46115.0,815790.21,130.4
132.6,132.6,129.3,8074720.0,35967.0,1052174.77,129.85
131.1,132.85,129.4,4258541.0,34553.0,559376.89,130.25
130.0,130.35,126.5,3195264.0,33172.0,410755.8,126.95
126.5,128.4,124.1,5247480.0,43860.0,664434.08,127.45
128.0,131.2,127.25,3819545.0,27353.0,493682.72,127.7
128.9,129.9,126.25,3885188.0,33822.0,496393.0,126.6
130.1,131.4,128.5,7421432.0,51276.0,963253.03,129.3
131.1,131.1,126.5,5438991.0,40332.0,703144.14,127.8
130.3,130.5,122.85,7178449.0,45220.0,905051.53,123.55
123.8,123.8,113.0,10406626.0,79856.0,1212158.21,113.85
115.4,116.6,99.25,22935485.0,123574.0,2421503.5,103.4
104.0,108.35,101.15,11143356.0,69741.0,1185219.46,107.1
107.0,107.5,102.0,7505634.0,68275.0,787022.47,105.0
105.2,107.8,102.15,7767860.0,51166.0,813581.79,102.85
102.5,105.2,100.95,4662393.0,39536.0,480286.9,102.5
102.0,102.6,95.75,10843704.0,64692.0,1069849.23,98.6
97.0,97.0,93.1,14658647.0,69322.0,1383171.59,94.6
89.45,90.8,78.75,14607327.0,74254.0,1249416.15,81.1
83.1,87.25,76.7,15836467.0,88612.0,1314793.18,86.4
84.3,88.0,82.5,9361823.0,67036.0,803237.45,85.55
88.0,92.1,86.15,13115413.0,64178.0,1186193.97,91.15
95.7,98.9,93.8,14364191.0,74572.0,1380851.39,96.55
96.55,99.95,92.7,13366317.0,70513.0,1292957.35,98.65
96.5,98.4,94.1,7900633.0,57303.0,762755.22,94.75
95.75,95.9,92.55,7538857.0,40972.0,709738.39,94.1
94.35,99.9,94.35,6929674.0,45601.0,674375.88,98.25
97.25,97.25,92.3,5261318.0,29449.0,494267.84,93.25
93.6,95.7,89.45,4556139.0,33025.0,420405.67,89.85
90.55,94.45,87.65,7628136.0,47546.0,698983.5,93.5
96.0,102.0,96.0,14041988.0,74012.0,1401385.72,99.9
96.5,100.4,95.15,10500972.0,89387.0,1030179.55,99.75
100.15,102.5,96.1,6740958.0,40265.0,670096.33,97.0
98.0,101.85,96.15,7854101.0,45310.0,779351.63,101.3
101.0,101.0,96.3,7515013.0,40265.0,736040.48,96.7
99.85,100.95,97.0,8592134.0,42260.0,849388.41,98.9
101.15,101.75,97.8,14049393.0,47272.0,1399052.3,98.95
97.65,99.8,97.0,7682402.0,33525.0,757941.78,98.4
99.0,99.85,91.85,8230870.0,48282.0,784117.19,92.35
89.25,95.7,88.9,8100768.0,50899.0,755662.2,95.05
94.8,96.45,92.35,9945062.0,44198.0,939432.24,95.6
96.15,96.15,90.8,5443331.0,37412.0,506375.97,91.2
88.45,88.5,85.15,13245879.0,91176.0,1148211.43,86.2
88.2,88.4,83.35,19669351.0,79964.0,1675477.3,84.7
86.1,86.55,82.7,9019521.0,52994.0,761524.74,83.4
84.0,85.25,82.65,16463001.0,58719.0,1386449.48,84.55
85.5,87.0,84.25,19914503.0,76950.0,1705477.53,85.7
86.1,92.1,85.2,31384886.0,110747.0,2815764.44,90.75
92.4,93.6,89.1,20743871.0,85860.0,1910219.31,92.9
95.0,104.75,94.25,51238677.0,202010.0,5194551.35,103.6
107.6,119.1,107.25,47468745.0,198041.0,5284396.49,110.9
109.8,109.8,106.1,19644768.0,81697.0,2113234.5,107.75
107.15,112.4,106.5,19045477.0,104007.0,2094000.16,107.9
109.25,111.15,106.15,14055243.0,67695.0,1531419.82,109.25
110.45,111.0,107.15,8630236.0,40179.0,936351.19,108.6
109.0,112.25,107.55,11254378.0,48828.0,1232805.35,108.15
108.25,108.25,100.3,17248585.0,77262.0,1791055.5,101.25
100.0,105.95,99.1,21125108.0,89819.0,2182512.58,105.1
107.5,107.7,101.55,14456561.0,60413.0,1506589.19,102.15
103.65,107.8,102.35,13774604.0,64810.0,1437807.18,104.85
103.0,106.5,102.1,17723628.0,83882.0,1842026.64,104.8
103.1,107.15,101.25,16140900.0,71668.0,1695653.53,105.05
106.0,107.95,105.35,10885812.0,51753.0,1159111.96,107.1
105.0,105.75,99.2,16800688.0,81814.0,1732993.35,99.95
100.3,100.85,96.15,9399015.0,47020.0,918820.17,96.95
97.6,100.9,97.3,12266604.0,47326.0,1212632.69,98.4
100.0,100.9,98.35,6902157.0,27669.0,683799.5,98.7
98.5,98.8,93.65,8521143.0,36901.0,814698.18,94.05
93.8,95.5,90.85,12741087.0,55987.0,1181290.15,92.2
88.0,95.1,87.3,12387225.0,44205.0,1138579.45,93.65
93.0,93.15,89.65,8641870.0,35838.0,789282.51,90.05
91.4,91.45,90.5,1224853.0,6637.0,111527.47,91.0
90.45,90.8,86.7,12278876.0,56523.0,1081706.56,87.25
86.75,90.8,85.8,11626059.0,52839.0,1024565.26,89.55
91.0,93.0,90.2,12441025.0,53466.0,1143816.56,92.05
91.65,91.65,88.8,10570857.0,40981.0,952283.29,89.15
89.8,92.1,89.4,9311598.0,34141.0,846237.4,91.65
91.7,94.5,91.0,10214675.0,42078.0,948956.89,93.15
93.15,93.15,89.5,7142538.0,31071.0,647860.93,90.45
90.55,91.4,89.6,8486425.0,34369.0,768217.39,90.2
90.6,91.65,89.95,10750187.0,37766.0,974258.75,90.25
90.75,93.75,89.9,10537980.0,39883.0,971983.04,91.9
91.65,92.4,89.45,10142637.0,54393.0,920463.58,89.95
91.85,94.7,91.4,13697097.0,52676.0,1274611.71,94.15
96.05,96.4,93.8,9886757.0,51406.0,939624.26,94.25
93.5,93.5,91.6,7927118.0,28632.0,733236.7,92.1
90.95,93.1,90.6,6259938.0,25633.0,576130.35,91.5
93.1,93.1,90.7,6114324.0,24520.0,562332.75,91.25
90.35,90.35,86.1,10316062.0,40696.0,911701.73,87.15
86.0,86.25,81.6,12149769.0,48736.0,1018469.66,82.25
82.95,84.15,81.25,11945882.0,53816.0,990631.75,83.1
83.5,85.0,82.3,10000030.0,36588.0,835570.99,83.45
83.4,85.25,82.1,9019468.0,32528.0,756555.33,84.3
84.2,85.2,82.75,8336285.0,33651.0,698100.9,83.8
84.75,85.3,83.5,6251417.0,23276.0,527147.14,84.05
84.7,87.45,84.15,12517868.0,43078.0,1072582.45,87.15
86.2,86.5,84.1,11966750.0,43027.0,1018427.14,84.3
84.05,87.0,84.0,9146209.0,31610.0,784729.85,86.55
86.5,88.35,85.5,8769039.0,37756.0,762723.6,86.05
87.25,89.6,87.25,10105049.0,40573.0,896313.91,89.3
91.3,92.4,90.35,12330213.0,40229.0,1126792.26,91.95
92.3,93.0,90.4,8132644.0,27708.0,745858.67,91.9
92.25,93.5,90.75,7518725.0,38645.0,694094.91,91.95
92.35,93.5,91.65,5438184.0,21526.0,502835.04,91.95
92.25,92.45,90.05,8010420.0,31493.0,726858.75,90.4
90.9,92.0,90.15,4355053.0,17013.0,397098.88,91.65
90.55,93.5,88.2,10540115.0,37044.0,954985.95,88.95
89.55,93.9,89.05,12475346.0,47108.0,1142467.5,92.4
92.25,92.3,88.5,8248257.0,41149.0,745272.49,88.9
86.95,86.95,80.1,18312884.0,72121.0,1527226.61,81.15
81.35,82.8,79.15,14021580.0,54967.0,1138713.16,81.05
78.5,86.5,77.1,28155853.0,103260.0,2319555.38,85.0
84.8,86.8,82.6,14023690.0,55655.0,1187338.2,84.25
84.25,85.85,78.65,17849803.0,67483.0,1456338.83,80.95
78.9,82.75,77.6,17780358.0,59257.0,1422097.06,79.35
80.4,80.75,72.0,15685103.0,51747.0,1197909.67,72.85
72.0,74.4,67.65,18767695.0,62988.0,1341193.91,68.7
69.6,71.1,67.25,25513321.0,73484.0,1774967.64,69.25
67.35,67.35,63.15,25595816.0,79133.0,1655059.06,63.9
66.0,66.25,62.0,23015169.0,66405.0,1464121.92,62.4
64.5,66.7,63.1,36038492.0,100285.0,2346990.4,64.7
66.2,66.8,64.2,18539818.0,52579.0,1216201.81,64.4
65.25,66.0,63.6,26241394.0,73813.0,1702406.0,63.8
64.25,67.8,63.75,32606562.0,95870.0,2146613.96,67.3
69.05,72.85,68.7,43989848.0,136079.0,3140385.22,71.75
72.7,72.7,69.4,13223987.0,45173.0,932095.92,70.4
70.5,70.7,64.3,18680524.0,65554.0,1252770.57,64.9
63.8,64.1,60.35,24379236.0,72058.0,1515979.28,61.65
63.65,68.9,63.1,34744135.0,108395.0,2295141.4,67.75
67.95,74.4,67.75,41473448.0,124025.0,2987369.94,73.9
73.8,75.6,71.0,21661298.0,63179.0,1594673.21,71.7
69.55,72.15,68.85,19567635.0,68442.0,1372317.7,69.75
68.45,69.2,65.1,17468350.0,56462.0,1170292.49,67.25
70.6,72.5,69.4,13968920.0,71.9,9944.56,71.8
71.3,72.4,69.35,13218917.0,69.65,9306.66,69.6
71.0,72.65,70.5,12668847.0,70.9,9057.08,70.9
73.95,75.75,72.15,20696038.0,72.85,15280.13,73.05
74.6,75.35,72.65,12623508.0,74.5,9338.4,74.1
74.0,75.6,73.0,15573807.0,74.35,11574.78,74.65
75.55,77.7,72.6,31891524.0,75.35,24092.78,75.85
71.0,74.95,66.8,28889962.0,74.3,20412.56,74.4
77.0,77.0,70.8,27386303.0,71.15,20042.57,71.35
66.2,75.8,66.2,36827491.0,74.25,26557.36,75.0